[gd_scene format=3 uid="uid://cxkxoi0vgbscy"]

[ext_resource type="Script" uid="uid://34jvnjm4q6rl" path="res://Golden Trio/Player/Scripts/PlayerRoot.gd" id="2_rebjx"]
[ext_resource type="PackedScene" uid="uid://dbxpilbospngo" path="res://Assets/Mesh/SherryGodotModel.blend" id="3_mqcsf"]
[ext_resource type="Script" uid="uid://bjs4cbp5dx1d3" path="res://Golden Trio/Character/Scripts/Enable_Skeleton_IK.gd" id="3_p31nf"]

[sub_resource type="CapsuleShape3D" id="CapsuleShape3D_vbank"]
radius = 0.16357422
height = 1.73

[sub_resource type="CapsuleShape3D" id="CapsuleShape3D_mqcsf"]
radius = 0.015122144
height = 0.15122144

[sub_resource type="CapsuleShape3D" id="CapsuleShape3D_p31nf"]
radius = 0.016083928
height = 0.16083927

[sub_resource type="CapsuleShape3D" id="CapsuleShape3D_62e7a"]
radius = 0.021905523
height = 0.21905522

[sub_resource type="CapsuleShape3D" id="CapsuleShape3D_shv6r"]
radius = 0.009400117
height = 0.094001174

[sub_resource type="CapsuleShape3D" id="CapsuleShape3D_atsex"]
radius = 0.012961147
height = 0.12961148

[sub_resource type="CapsuleShape3D" id="CapsuleShape3D_27mt6"]
radius = 0.013630924
height = 0.13630924

[sub_resource type="CapsuleShape3D" id="CapsuleShape3D_iodul"]
radius = 0.02515235
height = 0.2515235

[sub_resource type="CapsuleShape3D" id="CapsuleShape3D_4ha6k"]
radius = 0.018720265
height = 0.18720265

[sub_resource type="CapsuleShape3D" id="CapsuleShape3D_y0uqk"]
radius = 0.009221008
height = 0.092210084

[sub_resource type="CapsuleShape3D" id="CapsuleShape3D_vmyy6"]
radius = 0.0045570424
height = 0.045570422

[sub_resource type="CapsuleShape3D" id="CapsuleShape3D_1ruxs"]
radius = 0.0026622869
height = 0.02662287

[sub_resource type="CapsuleShape3D" id="CapsuleShape3D_qp7f3"]
radius = 0.004111373
height = 0.04111373

[sub_resource type="CapsuleShape3D" id="CapsuleShape3D_dgvwq"]
radius = 0.0027473338
height = 0.027473338

[sub_resource type="CapsuleShape3D" id="CapsuleShape3D_feabi"]
radius = 0.0052772188
height = 0.052772187

[sub_resource type="CapsuleShape3D" id="CapsuleShape3D_4rypb"]
radius = 0.0028067308
height = 0.028067308

[sub_resource type="CapsuleShape3D" id="CapsuleShape3D_2l1y2"]
radius = 0.004446625
height = 0.044466246

[sub_resource type="CapsuleShape3D" id="CapsuleShape3D_q8x4q"]
radius = 0.002522452
height = 0.02522452

[sub_resource type="CapsuleShape3D" id="CapsuleShape3D_bgij0"]
radius = 0.0033492662
height = 0.033492662

[sub_resource type="CapsuleShape3D" id="CapsuleShape3D_624g7"]
radius = 0.0024134864
height = 0.024134863

[sub_resource type="CapsuleShape3D" id="CapsuleShape3D_ufsoq"]
radius = 0.013630924
height = 0.13630924

[sub_resource type="CapsuleShape3D" id="CapsuleShape3D_ns0ce"]
radius = 0.025152352
height = 0.25152352

[sub_resource type="CapsuleShape3D" id="CapsuleShape3D_dhyhi"]
radius = 0.018720256
height = 0.18720256

[sub_resource type="CapsuleShape3D" id="CapsuleShape3D_73xt7"]
radius = 0.009221002
height = 0.092210025

[sub_resource type="CapsuleShape3D" id="CapsuleShape3D_2ig0d"]
radius = 0.0045570275
height = 0.045570273

[sub_resource type="CapsuleShape3D" id="CapsuleShape3D_e5scu"]
radius = 0.0026622876
height = 0.026622875

[sub_resource type="CapsuleShape3D" id="CapsuleShape3D_ns2a3"]
radius = 0.0041113743
height = 0.04111374

[sub_resource type="CapsuleShape3D" id="CapsuleShape3D_rgn0f"]
radius = 0.0027473338
height = 0.027473338

[sub_resource type="CapsuleShape3D" id="CapsuleShape3D_oa5a3"]
radius = 0.005277218
height = 0.05277218

[sub_resource type="CapsuleShape3D" id="CapsuleShape3D_0ymc1"]
radius = 0.0028067234
height = 0.028067233

[sub_resource type="CapsuleShape3D" id="CapsuleShape3D_1xq4e"]
radius = 0.004446609
height = 0.04446609

[sub_resource type="CapsuleShape3D" id="CapsuleShape3D_4mfp1"]
radius = 0.0025224483
height = 0.025224483

[sub_resource type="CapsuleShape3D" id="CapsuleShape3D_4bnfm"]
radius = 0.0033492637
height = 0.033492636

[sub_resource type="CapsuleShape3D" id="CapsuleShape3D_j0jhh"]
radius = 0.0024134892
height = 0.024134891

[sub_resource type="CapsuleShape3D" id="CapsuleShape3D_cvqha"]
radius = 0.042028498
height = 0.420285

[sub_resource type="CapsuleShape3D" id="CapsuleShape3D_oqw3y"]
radius = 0.04361377
height = 0.43613768

[sub_resource type="CapsuleShape3D" id="CapsuleShape3D_k6vo7"]
radius = 0.008905706
height = 0.08905706

[sub_resource type="CapsuleShape3D" id="CapsuleShape3D_0ee8v"]
radius = 0.042028505
height = 0.42028505

[sub_resource type="CapsuleShape3D" id="CapsuleShape3D_g2bvk"]
radius = 0.04361377
height = 0.4361377

[sub_resource type="CapsuleShape3D" id="CapsuleShape3D_ik2ef"]
radius = 0.008905709
height = 0.08905709

[sub_resource type="SphereShape3D" id="SphereShape3D_rwfw0"]
radius = 0.09

[sub_resource type="BoxMesh" id="BoxMesh_rwfw0"]
size = Vector3(0.025, 0.1, 0.1)

[sub_resource type="ConvexPolygonShape3D" id="ConvexPolygonShape3D_kylym"]
points = PackedVector3Array(0.1, 0, 0, 0.1, 0.1, 0, 0, 0, -0.1, 0, 0.1, -0.1, 0, 0, 0, 0, 0.1, 0)

[sub_resource type="ConvexPolygonShape3D" id="ConvexPolygonShape3D_5tqhk"]
points = PackedVector3Array(0, 0, 0, 0.1, 0, 0, 0, 0.1, 0, 0.1, 0.1, 0)

[sub_resource type="ConvexPolygonShape3D" id="ConvexPolygonShape3D_swpol"]
points = PackedVector3Array(0, 0, -0.1, 0, 0.1, -0.1, 0, 0, 0, 0, 0.1, 0)

[sub_resource type="ConvexPolygonShape3D" id="ConvexPolygonShape3D_rebjx"]
points = PackedVector3Array(0, 0, 0, 0, 0.1, 0, -0.1, 0, 0, -0.1, 0.1, 0, 0, 0, -0.1, 0, 0.1, -0.1)

[sub_resource type="ConvexPolygonShape3D" id="ConvexPolygonShape3D_64nim"]
points = PackedVector3Array(0, 0, 0, -0.1, 0, 0, 0, 0.1, 0, -0.1, 0.1, 0)

[sub_resource type="ConvexPolygonShape3D" id="ConvexPolygonShape3D_qiemt"]
points = PackedVector3Array(0, 0, -0.1, 0, 0.1, -0.1, 0, 0, 0, 0, 0.1, 0)

[node name="PlayerRoot" type="Node3D" unique_id=1128502710]
script = ExtResource("2_rebjx")

[node name="CharacterBody" type="RigidBody3D" parent="." unique_id=1899563998]
axis_lock_angular_x = true
axis_lock_angular_y = true
axis_lock_angular_z = true
mass = 4.0
contact_monitor = true
max_contacts_reported = 4

[node name="CollisionShape3D" type="CollisionShape3D" parent="CharacterBody" unique_id=1757023024]
transform = Transform3D(1, 0, 0, 0, 1, 0, 0, 0, 1, 0, 0.86902165, 0)
shape = SubResource("CapsuleShape3D_vbank")

[node name="SherryGodotModel" type="Node3D" parent="CharacterBody/CollisionShape3D" unique_id=295315918]
transform = Transform3D(1, 0, 0, 0, 1, 0, 0, 0, 1, 0, -0.869, -0.31037748)

[node name="Pose" parent="CharacterBody/CollisionShape3D/SherryGodotModel" unique_id=320930103 instance=ExtResource("3_mqcsf")]

[node name="Hand_L_IK" type="SkeletonIK3D" parent="CharacterBody/CollisionShape3D/SherryGodotModel/Pose/Armature/Skeleton3D" parent_id_path=PackedInt32Array(320930103, 1733367552) index="0" unique_id=298801943]
root_bone = &"Left arm"
tip_bone = &"Left wrist"
use_magnet = true
magnet = Vector3(0, 0, 10)
target_node = NodePath("../../../../../../XROrigin3D/LeftController/FullBodyHandPosition_L")
script = ExtResource("3_p31nf")

[node name="Hand_R_IK" type="SkeletonIK3D" parent="CharacterBody/CollisionShape3D/SherryGodotModel/Pose/Armature/Skeleton3D" parent_id_path=PackedInt32Array(320930103, 1733367552) index="1" unique_id=1352898790]
root_bone = &"Right arm"
tip_bone = &"Right wrist"
use_magnet = true
magnet = Vector3(0, 0, 10)
target_node = NodePath("../../../../../../XROrigin3D/RightController/FullBodyHandPosition_R")
script = ExtResource("3_p31nf")

[node name="Foot_L_IK" type="SkeletonIK3D" parent="CharacterBody/CollisionShape3D/SherryGodotModel/Pose/Armature/Skeleton3D" parent_id_path=PackedInt32Array(320930103, 1733367552) index="2" unique_id=918189357]
root_bone = &"Left leg"
tip_bone = &"Left ankle"
use_magnet = true
magnet = Vector3(0, 0, -10)
target_node = NodePath("../../../../../../XROrigin3D/FullBodyFootPosition_L")
script = ExtResource("3_p31nf")

[node name="Foot_R_IK" type="SkeletonIK3D" parent="CharacterBody/CollisionShape3D/SherryGodotModel/Pose/Armature/Skeleton3D" parent_id_path=PackedInt32Array(320930103, 1733367552) index="3" unique_id=1411314993]
root_bone = &"Right leg"
tip_bone = &"Right ankle"
use_magnet = true
magnet = Vector3(0, 0, -10)
target_node = NodePath("../../../../../../XROrigin3D/FullBodyFootPosition_R")
script = ExtResource("3_p31nf")

[node name="Sherry" parent="CharacterBody/CollisionShape3D/SherryGodotModel/Pose/Armature/Skeleton3D" parent_id_path=PackedInt32Array(320930103, 1733367552) index="4" unique_id=1650180576]
visible = false

[node name="Ragdoll" parent="CharacterBody/CollisionShape3D/SherryGodotModel" unique_id=1626320784 instance=ExtResource("3_mqcsf")]

[node name="Physical Bone Hips" type="PhysicalBone3D" parent="CharacterBody/CollisionShape3D/SherryGodotModel/Ragdoll/Armature/Skeleton3D" parent_id_path=PackedInt32Array(1626320784, 1733367552) index="1" unique_id=1240308216]
transform = Transform3D(-1, -6.291619e-07, -1.7377724e-08, 1.1303201e-07, -0.15235692, -0.9883256, 6.191691e-07, -0.98832554, 0.15235694, 6.4201977e-12, 0.9128574, -0.0011303127)
joint_offset = Transform3D(1, 0, 0, 0, 1, 0, 0, 0, 1, -4.692859e-09, -2.585885e-07, 0.07561198)
body_offset = Transform3D(1, -2.3874236e-12, 5.186962e-12, 5.1798565e-12, -5.364418e-07, -1.0000004, 2.444267e-12, 1, -5.2154064e-07, 4.692467e-09, 0.07561201, 2.9802322e-07)
bone_name = "Hips"

[node name="CollisionShape3D" type="CollisionShape3D" parent="CharacterBody/CollisionShape3D/SherryGodotModel/Ragdoll/Armature/Skeleton3D/Physical Bone Hips" unique_id=1111933042]
transform = Transform3D(1, 0, 0, 0, 0, 1, 0, -1, 0, 0, 0, 0)
shape = SubResource("CapsuleShape3D_mqcsf")

[node name="Physical Bone Spine" type="PhysicalBone3D" parent="CharacterBody/CollisionShape3D/SherryGodotModel/Ragdoll/Armature/Skeleton3D" parent_id_path=PackedInt32Array(1626320784, 1733367552) index="2" unique_id=697768517]
transform = Transform3D(-1, -6.3772825e-07, 1.0200505e-08, 9.768357e-09, -0.031304654, -0.99950993, 6.3773496e-07, -0.9995099, 0.031304657, -9.876544e-13, 1.0679655, -0.0151636)
joint_type = 1
joint_offset = Transform3D(1, 0, 0, 0, 1, 0, 0, 0, 1, -5.1955285e-09, 3.5249059e-06, 0.08042065)
body_offset = Transform3D(1, 9.038104e-12, -2.0783375e-13, -2.5224267e-13, 3.2782555e-07, -1.0000002, -9.038104e-12, 1, 2.682209e-07, 5.1955453e-09, 0.08042067, -3.5464764e-06)
bone_name = "Spine"
joint_constraints/bias = 0.3
joint_constraints/damping = 1.0
joint_constraints/impulse_clamp = 0.0

[node name="CollisionShape3D" type="CollisionShape3D" parent="CharacterBody/CollisionShape3D/SherryGodotModel/Ragdoll/Armature/Skeleton3D/Physical Bone Spine" unique_id=579660173]
transform = Transform3D(1, 0, 0, 0, 0, 1, 0, -1, 0, 0, 0, 0)
shape = SubResource("CapsuleShape3D_p31nf")

[node name="Physical Bone Chest" type="PhysicalBone3D" parent="CharacterBody/CollisionShape3D/SherryGodotModel/Ragdoll/Armature/Skeleton3D" parent_id_path=PackedInt32Array(1626320784, 1733367552) index="3" unique_id=1635491739]
transform = Transform3D(1, 2.1920926e-07, 5.7499348e-09, 4.6899203e-08, -0.18818548, -0.9821335, -2.142107e-07, 0.9821335, -0.18818548, 1.0814016e-11, 1.2559159, 0.002925098)
joint_type = 1
joint_offset = Transform3D(1, 0, 0, 0, 1, 0, 0, 0, 1, 3.731009e-09, 1.7792918e-06, 0.10952762)
body_offset = Transform3D(-1, 4.1476582e-07, 1.2744366e-09, 7.1054274e-15, 0.0030724704, -0.9999954, -4.1476773e-07, -0.99999523, -0.0030726194, 3.590685e-09, 0.10952711, 0.00033831596)
bone_name = "Chest"
joint_constraints/bias = 0.3
joint_constraints/damping = 1.0
joint_constraints/impulse_clamp = 0.0

[node name="CollisionShape3D" type="CollisionShape3D" parent="CharacterBody/CollisionShape3D/SherryGodotModel/Ragdoll/Armature/Skeleton3D/Physical Bone Chest" unique_id=1171000849]
transform = Transform3D(1, 0, 0, 0, 0, 1, 0, -1, 0, 0, 0, 0)
shape = SubResource("CapsuleShape3D_62e7a")

[node name="Physical Bone Neck" type="PhysicalBone3D" parent="CharacterBody/CollisionShape3D/SherryGodotModel/Ragdoll/Armature/Skeleton3D" parent_id_path=PackedInt32Array(1626320784, 1733367552) index="4" unique_id=1475456640]
transform = Transform3D(-1, -4.9469304e-07, 1.04850855e-07, -1.06864164e-07, 0.0040715784, -0.9999918, 4.9426205e-07, -0.9999917, -0.0040715784, 4.196643e-14, 1.4109113, 0.023731291)
joint_type = 1
joint_offset = Transform3D(1, 0, 0, 0, 1, 0, 0, 0, 1, 1.8603125e-09, -1.7384494e-07, 0.047425617)
body_offset = Transform3D(1, 5.684342e-14, 4.3742787e-14, -2.9087843e-14, 0, -1.0000002, 0, 1.0000001, -1.0477379e-07, -1.8603146e-09, 0.047425628, 1.7881393e-07)
bone_name = "Neck"
joint_constraints/bias = 0.3
joint_constraints/damping = 1.0
joint_constraints/impulse_clamp = 0.0

[node name="CollisionShape3D" type="CollisionShape3D" parent="CharacterBody/CollisionShape3D/SherryGodotModel/Ragdoll/Armature/Skeleton3D/Physical Bone Neck" unique_id=1773052815]
transform = Transform3D(1, 0, 0, 0, 0, 1, 0, -1, 0, 0, 0, 0)
shape = SubResource("CapsuleShape3D_shv6r")

[node name="Physical Bone Head" type="PhysicalBone3D" parent="CharacterBody/CollisionShape3D/SherryGodotModel/Ragdoll/Armature/Skeleton3D" parent_id_path=PackedInt32Array(1626320784, 1733367552) index="5" unique_id=220929479]
transform = Transform3D(0.88648224, 0.3008149, 0.35165277, -1.5726815e-08, 0.75989884, -0.6500414, -0.46276265, 0.5762502, 0.67363673, -0.02281626, 1.4996288, -0.019681096)
joint_type = 1
joint_offset = Transform3D(1, 0, 0, 0, 1, 0, 0, 0, 1, 4.8706308e-05, -3.4678727e-05, 0.06478977)
body_offset = Transform3D(-0.8864824, -0.3008147, -0.3516525, 4.0039083e-12, 0.7598988, -0.65004146, 0.46276233, -0.57625026, -0.67363685, 0.022816235, 0.04214239, 0.043602258)
bone_name = "Head"
joint_constraints/bias = 0.3
joint_constraints/damping = 1.0
joint_constraints/impulse_clamp = 0.0

[node name="CollisionShape3D" type="CollisionShape3D" parent="CharacterBody/CollisionShape3D/SherryGodotModel/Ragdoll/Armature/Skeleton3D/Physical Bone Head" unique_id=115291460]
transform = Transform3D(1, 0, 0, 0, 0, 1, 0, -1, 0, 0, 0, 0)
shape = SubResource("CapsuleShape3D_atsex")

[node name="Physical Bone Left shoulder" type="PhysicalBone3D" parent="CharacterBody/CollisionShape3D/SherryGodotModel/Ragdoll/Armature/Skeleton3D" parent_id_path=PackedInt32Array(1626320784, 1733367552) index="6" unique_id=614346155]
transform = Transform3D(-0.12383438, 0.033680625, 0.9917312, 0.0965409, 0.99509156, -0.02173999, -0.98759556, 0.09305045, -0.12647812, -0.07279783, 1.333288, 0.013731241)
joint_type = 1
joint_offset = Transform3D(1, 0, 0, 0, 1, 0, 0, 0, 1, -2.423856e-05, -5.5390803e-05, 0.068139344)
body_offset = Transform3D(1.0000002, 2.2351742e-07, 5.736947e-07, 5.1409006e-07, -6.388873e-07, -1.0000002, -7.4505806e-08, 1.0000002, -6.0908496e-07, 2.4199486e-05, 0.06813936, 5.543232e-05)
bone_name = "Left shoulder"
joint_constraints/bias = 0.3
joint_constraints/damping = 1.0
joint_constraints/impulse_clamp = 0.0

[node name="CollisionShape3D" type="CollisionShape3D" parent="CharacterBody/CollisionShape3D/SherryGodotModel/Ragdoll/Armature/Skeleton3D/Physical Bone Left shoulder" unique_id=1432887874]
transform = Transform3D(1, 0, 0, 0, 0, 1, 0, -1, 0, 0, 0, 0)
shape = SubResource("CapsuleShape3D_27mt6")

[node name="Physical Bone Left arm" type="PhysicalBone3D" parent="CharacterBody/CollisionShape3D/SherryGodotModel/Ragdoll/Armature/Skeleton3D" parent_id_path=PackedInt32Array(1626320784, 1733367552) index="7" unique_id=702062890]
transform = Transform3D(-0.092438556, 0.0130862575, 0.9956324, 0.014358909, 0.99982715, -0.011808254, -0.9956148, 0.0132046575, -0.09261049, -0.2656439, 1.3361883, 0.034017324)
joint_type = 1
joint_offset = Transform3D(1, 0, 0, 0, 1, 0, 0, 0, 1, -3.9845168e-06, 9.769259e-06, 0.12578993)
body_offset = Transform3D(1.0000001, 1.4062971e-07, 4.0233135e-07, 3.427267e-07, 1.9115396e-06, -1.0000001, -1.21071935e-08, 1.0000002, 1.9422732e-06, 3.9339066e-06, 0.12578994, -1.001358e-05)
bone_name = "Left arm"
joint_constraints/bias = 0.3
joint_constraints/damping = 1.0
joint_constraints/impulse_clamp = 0.0

[node name="CollisionShape3D" type="CollisionShape3D" parent="CharacterBody/CollisionShape3D/SherryGodotModel/Ragdoll/Armature/Skeleton3D/Physical Bone Left arm" unique_id=51843912]
transform = Transform3D(1, 0, 0, 0, 0, 1, 0, -1, 0, 0, 0, 0)
shape = SubResource("CapsuleShape3D_iodul")

[node name="Physical Bone Left elbow" type="PhysicalBone3D" parent="CharacterBody/CollisionShape3D/SherryGodotModel/Ragdoll/Armature/Skeleton3D" parent_id_path=PackedInt32Array(1626320784, 1733367552) index="8" unique_id=293595123]
transform = Transform3D(0.038462844, 0.018516406, 0.99908847, 0.09303535, 0.99541914, -0.022030069, -0.9949196, 0.09379789, 0.036563966, -0.48442402, 1.3398423, 0.0422453)
joint_type = 1
joint_offset = Transform3D(1, 0, 0, 0, 1, 0, 0, 0, 1, -3.7954105e-06, -9.552237e-05, 0.09368351)
body_offset = Transform3D(1.0000001, -2.2500753e-06, 6.1541796e-06, 6.135553e-06, -8.9919195e-07, -1, 2.3916364e-06, 1.0000004, -8.905772e-07, 3.2186508e-06, 0.09368351, 9.560585e-05)
bone_name = "Left elbow"
joint_constraints/bias = 0.3
joint_constraints/damping = 1.0
joint_constraints/impulse_clamp = 0.0

[node name="CollisionShape3D" type="CollisionShape3D" parent="CharacterBody/CollisionShape3D/SherryGodotModel/Ragdoll/Armature/Skeleton3D/Physical Bone Left elbow" unique_id=1541695991]
transform = Transform3D(1, 0, 0, 0, 0, 1, 0, -1, 0, 0, 0, 0)
shape = SubResource("CapsuleShape3D_4ha6k")

[node name="Physical Bone Left wrist" type="PhysicalBone3D" parent="CharacterBody/CollisionShape3D/SherryGodotModel/Ragdoll/Armature/Skeleton3D" parent_id_path=PackedInt32Array(1626320784, 1733367552) index="9" unique_id=1406826601]
transform = Transform3D(-0.12202132, -0.37742043, 0.9179677, 0.9850309, -0.15950929, 0.06535382, 0.12175851, 0.9122009, 0.39123428, -0.6201838, 1.338794, 0.020780742)
joint_type = 1
joint_offset = Transform3D(1, 0, 0, 0, 1, 0, 0, 0, 1, -4.0483428e-08, 3.7865266e-07, 0.04610645)
body_offset = Transform3D(0.026366062, -0.931138, -0.36371335, -9.2666596e-08, 0.36383986, -0.93146163, 0.9996526, 0.024558842, 0.009592965, 0.016769886, 0.04294625, -0.00044226646)
bone_name = "Left wrist"
joint_constraints/bias = 0.3
joint_constraints/damping = 1.0
joint_constraints/impulse_clamp = 0.0

[node name="CollisionShape3D" type="CollisionShape3D" parent="CharacterBody/CollisionShape3D/SherryGodotModel/Ragdoll/Armature/Skeleton3D/Physical Bone Left wrist" unique_id=475872062]
transform = Transform3D(1, 0, 0, 0, 0, 1, 0, -1, 0, 0, 0, 0)
shape = SubResource("CapsuleShape3D_y0uqk")

[node name="Physical Bone IndexFinger1_L" type="PhysicalBone3D" parent="CharacterBody/CollisionShape3D/SherryGodotModel/Ragdoll/Armature/Skeleton3D" parent_id_path=PackedInt32Array(1626320784, 1733367552) index="10" unique_id=324791967]
transform = Transform3D(-0.0017719101, 0.0170885, 0.9998525, -0.102669455, 0.99456716, -0.01718012, -0.994714, -0.102684736, -7.816365e-06, -0.68519676, 1.3361828, 0.0027557015)
joint_type = 1
joint_offset = Transform3D(1, 0, 0, 0, 1, 0, 0, 0, 1, 1.30370745e-05, -1.1016802e-05, 0.022694761)
body_offset = Transform3D(1.0000002, -5.5879354e-07, 8.598806e-06, 8.5864785e-06, -8.407304e-06, -1.0000002, 6.92904e-07, 1.0000004, -8.322495e-06, -1.3232231e-05, 0.022694767, 1.1205673e-05)
bone_name = "IndexFinger1_L"
joint_constraints/bias = 0.3
joint_constraints/damping = 1.0
joint_constraints/impulse_clamp = 0.0

[node name="CollisionShape3D" type="CollisionShape3D" parent="CharacterBody/CollisionShape3D/SherryGodotModel/Ragdoll/Armature/Skeleton3D/Physical Bone IndexFinger1_L" unique_id=1284751504]
transform = Transform3D(1, 0, 0, 0, 0, 1, 0, -1, 0, 0, 0, 0)
shape = SubResource("CapsuleShape3D_vmyy6")

[node name="Physical Bone IndexFinger2_L" type="PhysicalBone3D" parent="CharacterBody/CollisionShape3D/SherryGodotModel/Ragdoll/Armature/Skeleton3D" parent_id_path=PackedInt32Array(1626320784, 1733367552) index="11" unique_id=363988010]
transform = Transform3D(-2.1009434e-08, 9.901762e-07, 1, 0.052061323, 0.9986439, -9.877397e-07, -0.9986439, 0.052061323, -7.2530824e-08, -0.7213806, 1.3367436, 0.0027655065)
joint_type = 1
joint_offset = Transform3D(1, 0, 0, 0, 1, 0, 0, 0, 1, 1.242565e-05, -0.00018142203, 0.013311384)
body_offset = Transform3D(1.0000002, 2.8312206e-07, 1.4772544e-07, 1.19031185e-07, -1.1727155e-06, -1.0000001, -1.1920929e-07, 1.0000002, -1.0863109e-06, -1.2427568e-05, 0.013311386, 0.00018143654)
bone_name = "IndexFinger2_L"
joint_constraints/bias = 0.3
joint_constraints/damping = 1.0
joint_constraints/impulse_clamp = 0.0

[node name="CollisionShape3D" type="CollisionShape3D" parent="CharacterBody/CollisionShape3D/SherryGodotModel/Ragdoll/Armature/Skeleton3D/Physical Bone IndexFinger2_L" unique_id=1732721329]
transform = Transform3D(1, 0, 0, 0, 0, 1, 0, -1, 0, 0, 0, 0)
shape = SubResource("CapsuleShape3D_1ruxs")

[node name="Physical Bone Thumb0_L" type="PhysicalBone3D" parent="CharacterBody/CollisionShape3D/SherryGodotModel/Ragdoll/Armature/Skeleton3D" parent_id_path=PackedInt32Array(1626320784, 1733367552) index="12" unique_id=11392893]
transform = Transform3D(0.88094115, -0.4731472, 0.008631398, 0.46295938, 0.8579073, -0.22285378, 0.0980377, 0.20031705, 0.9748137, -0.6167996, 1.3381782, -0.011572868)
joint_type = 1
joint_offset = Transform3D(1, 0, 0, 0, 1, 0, 0, 0, 1, 8.721008e-06, 6.16758e-06, 0.020599598)
body_offset = Transform3D(1.0000001, 1.0151416e-06, 1.8030405e-06, 1.9073486e-06, 1.5944242e-06, -1.0000002, -8.828938e-07, 1.0000001, 1.5199184e-06, -8.7581575e-06, 0.020599604, -6.198883e-06)
bone_name = "Thumb0_L"
joint_constraints/bias = 0.3
joint_constraints/damping = 1.0
joint_constraints/impulse_clamp = 0.0

[node name="CollisionShape3D" type="CollisionShape3D" parent="CharacterBody/CollisionShape3D/SherryGodotModel/Ragdoll/Armature/Skeleton3D/Physical Bone Thumb0_L" unique_id=123721888]
transform = Transform3D(1, 0, 0, 0, 0, 1, 0, -1, 0, 0, 0, 0)
shape = SubResource("CapsuleShape3D_qp7f3")

[node name="Physical Bone Thumb1_L" type="PhysicalBone3D" parent="CharacterBody/CollisionShape3D/SherryGodotModel/Ragdoll/Armature/Skeleton3D" parent_id_path=PackedInt32Array(1626320784, 1733367552) index="13" unique_id=1950810788]
transform = Transform3D(0.9465346, -0.32256472, 0.0049305595, 0.3226012, 0.94646233, -0.01172452, -0.0008846719, 0.012688266, 0.9999192, -0.61703944, 1.342921, -0.045303315)
joint_type = 1
joint_offset = Transform3D(1, 0, 0, 0, 1, 0, 0, 0, 1, -4.415789e-07, -9.043075e-07, 0.013736185)
body_offset = Transform3D(1.0000002, -1.368977e-05, -1.4828984e-06, -1.4078687e-06, 5.19678e-06, -1.0000002, 1.3744902e-05, 1.0000002, 5.0850213e-06, 4.61936e-07, 0.013736188, 8.34465e-07)
bone_name = "Thumb1_L"
joint_constraints/bias = 0.3
joint_constraints/damping = 1.0
joint_constraints/impulse_clamp = 0.0

[node name="CollisionShape3D" type="CollisionShape3D" parent="CharacterBody/CollisionShape3D/SherryGodotModel/Ragdoll/Armature/Skeleton3D/Physical Bone Thumb1_L" unique_id=809627006]
transform = Transform3D(1, 0, 0, 0, 0, 1, 0, -1, 0, 0, 0, 0)
shape = SubResource("CapsuleShape3D_dgvwq")

[node name="Physical Bone MiddleFinger1_L" type="PhysicalBone3D" parent="CharacterBody/CollisionShape3D/SherryGodotModel/Ragdoll/Armature/Skeleton3D" parent_id_path=PackedInt32Array(1626320784, 1733367552) index="14" unique_id=122352289]
transform = Transform3D(0.0004711927, 0.014823827, 0.99989, 0.031796236, 0.99938434, -0.014831314, -0.9994943, 0.03179973, -4.3928205e-07, -0.6891024, 1.3361843, 0.025691628)
joint_type = 1
joint_offset = Transform3D(1, 0, 0, 0, 1, 0, 0, 0, 1, -8.696708e-05, -6.3376347e-06, 0.02659982)
body_offset = Transform3D(1.0000002, 9.495765e-06, 1.4970956e-07, 1.247493e-07, -3.8160033e-06, -1.0000001, -9.357929e-06, 1.0000002, -3.7774478e-06, 8.696318e-05, 0.026599824, 6.4373016e-06)
bone_name = "MiddleFinger1_L"
joint_constraints/bias = 0.3
joint_constraints/damping = 1.0
joint_constraints/impulse_clamp = 0.0

[node name="CollisionShape3D" type="CollisionShape3D" parent="CharacterBody/CollisionShape3D/SherryGodotModel/Ragdoll/Armature/Skeleton3D/Physical Bone MiddleFinger1_L" unique_id=1382142826]
transform = Transform3D(1, 0, 0, 0, 0, 1, 0, -1, 0, 0, 0, 0)
shape = SubResource("CapsuleShape3D_feabi")

[node name="Physical Bone MiddleFinger2_L" type="PhysicalBone3D" parent="CharacterBody/CollisionShape3D/SherryGodotModel/Ragdoll/Armature/Skeleton3D" parent_id_path=PackedInt32Array(1626320784, 1733367552) index="15" unique_id=120081318]
transform = Transform3D(2.3666496e-07, 4.85716e-06, 1, 0.12599023, 0.9920315, -4.848273e-06, -0.9920316, 0.12599023, -3.7717555e-07, -0.72930574, 1.3366206, 0.025410533)
joint_type = 1
joint_offset = Transform3D(1, 0, 0, 0, 1, 0, 0, 0, 1, -0.00037211168, -1.0599659e-05, 0.014033731)
body_offset = Transform3D(1.0000004, 1.3411045e-07, 2.8308875e-09, -2.8630723e-08, -7.528199e-07, -1.0000002, 0, 1.0000005, -7.0990086e-07, 0.0003721118, 0.014033735, 1.0609627e-05)
bone_name = "MiddleFinger2_L"
joint_constraints/bias = 0.3
joint_constraints/damping = 1.0
joint_constraints/impulse_clamp = 0.0

[node name="CollisionShape3D" type="CollisionShape3D" parent="CharacterBody/CollisionShape3D/SherryGodotModel/Ragdoll/Armature/Skeleton3D/Physical Bone MiddleFinger2_L" unique_id=920528922]
transform = Transform3D(1, 0, 0, 0, 0, 1, 0, -1, 0, 0, 0, 0)
shape = SubResource("CapsuleShape3D_4rypb")

[node name="Physical Bone RingFinger1_L" type="PhysicalBone3D" parent="CharacterBody/CollisionShape3D/SherryGodotModel/Ragdoll/Armature/Skeleton3D" parent_id_path=PackedInt32Array(1626320784, 1733367552) index="16" unique_id=1135114338]
transform = Transform3D(0.0017229257, 0.017506534, 0.9998453, 0.09842654, 0.99498886, -0.01759111, -0.9951429, 0.09844161, -8.815661e-06, -0.6847073, 1.3361626, 0.048881352)
joint_type = 1
joint_offset = Transform3D(1, 0, 0, 0, 1, 0, 0, 0, 1, -9.832341e-06, 9.776537e-06, 0.022204934)
body_offset = Transform3D(1.0000004, -6.03497e-07, 9.286239e-06, 9.257349e-06, 5.2533333e-06, -1.0000001, 7.4505806e-07, 1.0000002, 5.3068816e-06, 9.62615e-06, 0.022204936, -9.894371e-06)
bone_name = "RingFinger1_L"
joint_constraints/bias = 0.3
joint_constraints/damping = 1.0
joint_constraints/impulse_clamp = 0.0

[node name="CollisionShape3D" type="CollisionShape3D" parent="CharacterBody/CollisionShape3D/SherryGodotModel/Ragdoll/Armature/Skeleton3D/Physical Bone RingFinger1_L" unique_id=417231243]
transform = Transform3D(1, 0, 0, 0, 0, 1, 0, -1, 0, 0, 0, 0)
shape = SubResource("CapsuleShape3D_2l1y2")

[node name="Physical Bone RingFinger2_L" type="PhysicalBone3D" parent="CharacterBody/CollisionShape3D/SherryGodotModel/Ragdoll/Armature/Skeleton3D" parent_id_path=PackedInt32Array(1626320784, 1733367552) index="17" unique_id=722825636]
transform = Transform3D(9.966573e-08, 6.142717e-07, 1, -0.082843095, 0.99656266, -6.039035e-07, -0.99656266, -0.082843095, 1.5021129e-07, -0.7195771, 1.3365631, 0.048891902)
joint_type = 1
joint_offset = Transform3D(1, 0, 0, 0, 1, 0, 0, 0, 1, 3.086816e-09, 9.5023704e-09, 0.012612164)
body_offset = Transform3D(1.0000004, 2.682209e-07, -2.447494e-07, -2.6567403e-07, -8.1171225e-07, -1, -1.1175871e-07, 1.0000002, -7.5342916e-07, 0, 0.012612164, 0)
bone_name = "RingFinger2_L"
joint_constraints/bias = 0.3
joint_constraints/damping = 1.0
joint_constraints/impulse_clamp = 0.0

[node name="CollisionShape3D" type="CollisionShape3D" parent="CharacterBody/CollisionShape3D/SherryGodotModel/Ragdoll/Armature/Skeleton3D/Physical Bone RingFinger2_L" unique_id=1898054260]
transform = Transform3D(1, 0, 0, 0, 0, 1, 0, -1, 0, 0, 0, 0)
shape = SubResource("CapsuleShape3D_q8x4q")

[node name="Physical Bone LittleFinger1_L" type="PhysicalBone3D" parent="CharacterBody/CollisionShape3D/SherryGodotModel/Ragdoll/Armature/Skeleton3D" parent_id_path=PackedInt32Array(1626320784, 1733367552) index="18" unique_id=633403534]
transform = Transform3D(9.084617e-05, 0.023362348, 0.9997271, 0.0038959663, 0.99971956, -0.023362523, -0.9999925, 0.0038970255, -1.9821735e-07, -0.67916477, 1.33622, 0.07202011)
joint_type = 1
joint_offset = Transform3D(1, 0, 0, 0, 1, 0, 0, 0, 1, -5.6604576e-06, -5.0075345e-05, 0.016664857)
body_offset = Transform3D(1.0000004, 1.2200326e-07, -1.1855745e-07, -1.3909224e-07, 3.962013e-07, -1.0000004, 0, 1.0000005, 4.4812504e-07, 5.6624413e-06, 0.016664863, 5.00679e-05)
bone_name = "LittleFinger1_L"
joint_constraints/bias = 0.3
joint_constraints/damping = 1.0
joint_constraints/impulse_clamp = 0.0

[node name="CollisionShape3D" type="CollisionShape3D" parent="CharacterBody/CollisionShape3D/SherryGodotModel/Ragdoll/Armature/Skeleton3D/Physical Bone LittleFinger1_L" unique_id=78638115]
transform = Transform3D(1, 0, 0, 0, 0, 1, 0, -1, 0, 0, 0, 0)
shape = SubResource("CapsuleShape3D_bgij0")

[node name="Physical Bone LittleFinger2_L" type="PhysicalBone3D" parent="CharacterBody/CollisionShape3D/SherryGodotModel/Ragdoll/Armature/Skeleton3D" parent_id_path=PackedInt32Array(1626320784, 1733367552) index="19" unique_id=1654941754]
transform = Transform3D(3.408439e-07, 2.5414217e-06, 1, 0.050269432, 0.9987357, -2.5553427e-06, -0.9987357, 0.050269432, 2.1265714e-07, -0.70805645, 1.3365631, 0.07202558)
joint_type = 1
joint_offset = Transform3D(1, 0, 0, 0, 1, 0, 0, 0, 1, 4.408613e-09, 3.1036006e-08, 0.012067373)
body_offset = Transform3D(1.0000004, -1.3485551e-06, -3.6532992e-07, -3.9125206e-07, -2.6289667e-06, -1.0000004, 1.475215e-06, 1.0000004, -2.5718955e-06, 0, 0.012067378, 0)
bone_name = "LittleFinger2_L"
joint_constraints/bias = 0.3
joint_constraints/damping = 1.0
joint_constraints/impulse_clamp = 0.0

[node name="CollisionShape3D" type="CollisionShape3D" parent="CharacterBody/CollisionShape3D/SherryGodotModel/Ragdoll/Armature/Skeleton3D/Physical Bone LittleFinger2_L" unique_id=1749192233]
transform = Transform3D(1, 0, 0, 0, 0, 1, 0, -1, 0, 0, 0, 0)
shape = SubResource("CapsuleShape3D_624g7")

[node name="Physical Bone Right shoulder" type="PhysicalBone3D" parent="CharacterBody/CollisionShape3D/SherryGodotModel/Ragdoll/Armature/Skeleton3D" parent_id_path=PackedInt32Array(1626320784, 1733367552) index="20" unique_id=763067648]
transform = Transform3D(-0.12383365, -0.033680663, -0.9917312, -0.0965416, 0.99509156, -0.021740003, 0.98759556, 0.09305118, -0.12647739, 0.07281142, 1.3332348, 0.013751745)
joint_type = 1
joint_offset = Transform3D(1, 0, 0, 0, 1, 0, 0, 0, 1, 4.5211496e-07, -3.889855e-06, 0.06815427)
body_offset = Transform3D(1, 5.811453e-07, -7.4505806e-08, -1.7881393e-07, -5.6345016e-07, -0.9999999, -7.599592e-07, 1.0000001, -6.4633787e-07, -4.4703484e-07, 0.06815426, 3.9339066e-06)
bone_name = "Right shoulder"
joint_constraints/bias = 0.3
joint_constraints/damping = 1.0
joint_constraints/impulse_clamp = 0.0

[node name="CollisionShape3D" type="CollisionShape3D" parent="CharacterBody/CollisionShape3D/SherryGodotModel/Ragdoll/Armature/Skeleton3D/Physical Bone Right shoulder" unique_id=313040086]
transform = Transform3D(1, 0, 0, 0, 0, 1, 0, -1, 0, 0, 0, 0)
shape = SubResource("CapsuleShape3D_ufsoq")

[node name="Physical Bone Right arm" type="PhysicalBone3D" parent="CharacterBody/CollisionShape3D/SherryGodotModel/Ragdoll/Armature/Skeleton3D" parent_id_path=PackedInt32Array(1626320784, 1733367552) index="21" unique_id=1322204744]
transform = Transform3D(-0.09243139, -0.013093225, -0.995633, -0.014355704, 0.9998272, -0.011815643, 0.9956156, 0.013200877, -0.09260337, 0.26561517, 1.3362441, 0.03401825)
joint_type = 1
joint_offset = Transform3D(1, 0, 0, 0, 1, 0, 0, 0, 1, 2.359955e-07, -4.5569028e-05, 0.12576203)
body_offset = Transform3D(1, -3.22517e-06, 6.6533685e-06, 6.5416098e-06, -5.3482363e-06, -0.9999999, 3.0826777e-06, 1.0000001, -5.4402044e-06, -1.0728836e-06, 0.12576202, 4.6253204e-05)
bone_name = "Right arm"
joint_constraints/bias = 0.3
joint_constraints/damping = 1.0
joint_constraints/impulse_clamp = 0.0

[node name="CollisionShape3D" type="CollisionShape3D" parent="CharacterBody/CollisionShape3D/SherryGodotModel/Ragdoll/Armature/Skeleton3D/Physical Bone Right arm" unique_id=866893811]
transform = Transform3D(1, 0, 0, 0, 0, 1, 0, -1, 0, 0, 0, 0)
shape = SubResource("CapsuleShape3D_ns0ce")

[node name="Physical Bone Right elbow" type="PhysicalBone3D" parent="CharacterBody/CollisionShape3D/SherryGodotModel/Ragdoll/Armature/Skeleton3D" parent_id_path=PackedInt32Array(1626320784, 1733367552) index="22" unique_id=412445463]
transform = Transform3D(0.038463093, -0.0185155, -0.99908847, -0.09303374, 0.9954192, -0.02202913, 0.9949198, 0.09379624, 0.036564335, 0.48434308, 1.3397532, 0.042245805)
joint_type = 1
joint_offset = Transform3D(1, 0, 0, 0, 1, 0, 0, 0, 1, -1.9953286e-06, -8.340313e-06, 0.09360054)
body_offset = Transform3D(0.9999999, 6.3329935e-07, -6.0647726e-06, -6.210059e-06, 5.7043508e-08, -0.9999997, -7.748604e-07, 1.0000002, -4.6333298e-08, 2.5629997e-06, 0.09360051, 8.34465e-06)
bone_name = "Right elbow"
joint_constraints/bias = 0.3
joint_constraints/damping = 1.0
joint_constraints/impulse_clamp = 0.0

[node name="CollisionShape3D" type="CollisionShape3D" parent="CharacterBody/CollisionShape3D/SherryGodotModel/Ragdoll/Armature/Skeleton3D/Physical Bone Right elbow" unique_id=419008425]
transform = Transform3D(1, 0, 0, 0, 0, 1, 0, -1, 0, 0, 0, 0)
shape = SubResource("CapsuleShape3D_dhyhi")

[node name="Physical Bone Right wrist" type="PhysicalBone3D" parent="CharacterBody/CollisionShape3D/SherryGodotModel/Ragdoll/Armature/Skeleton3D" parent_id_path=PackedInt32Array(1626320784, 1733367552) index="23" unique_id=968437943]
transform = Transform3D(-0.12202147, 0.37742215, -0.91796696, -0.98503083, -0.15950923, 0.06535375, -0.12175824, 0.9122003, 0.391236, 0.6201838, 1.3387964, 0.020780206)
joint_type = 1
joint_offset = Transform3D(1, 0, 0, 0, 1, 0, 0, 0, 1, 2.211047e-06, 1.122321e-06, 0.046106324)
body_offset = Transform3D(0.026366323, 0.9311374, 0.36371487, 4.656613e-10, 0.36384112, -0.93146086, -0.99965256, 0.024559006, 0.009593118, -0.01677066, 0.042945832, -0.0004401207)
bone_name = "Right wrist"
joint_constraints/bias = 0.3
joint_constraints/damping = 1.0
joint_constraints/impulse_clamp = 0.0

[node name="CollisionShape3D" type="CollisionShape3D" parent="CharacterBody/CollisionShape3D/SherryGodotModel/Ragdoll/Armature/Skeleton3D/Physical Bone Right wrist" unique_id=1078747772]
transform = Transform3D(1, 0, 0, 0, 0, 1, 0, -1, 0, 0, 0, 0)
shape = SubResource("CapsuleShape3D_73xt7")

[node name="Physical Bone IndexFinger1_R" type="PhysicalBone3D" parent="CharacterBody/CollisionShape3D/SherryGodotModel/Ragdoll/Armature/Skeleton3D" parent_id_path=PackedInt32Array(1626320784, 1733367552) index="24" unique_id=498805100]
transform = Transform3D(-0.0017627202, -0.017081568, -0.99985254, 0.102670394, 0.9945673, -0.017172277, 0.9947139, -0.102685526, 6.2761353e-07, 0.68533045, 1.3361754, 0.0027623773)
joint_type = 1
joint_offset = Transform3D(1, 0, 0, 0, 1, 0, 0, 0, 1, -1.9022464e-05, -5.6114936e-07, 0.022828108)
body_offset = Transform3D(1.0000001, -3.7252903e-07, 3.759834e-07, 2.669214e-07, -1.4138527e-06, -0.99999976, 2.5331974e-07, 1.0000002, -1.5284738e-06, 1.9013882e-05, 0.022828102, 5.9604645e-07)
bone_name = "IndexFinger1_R"
joint_constraints/bias = 0.3
joint_constraints/damping = 1.0
joint_constraints/impulse_clamp = 0.0

[node name="CollisionShape3D" type="CollisionShape3D" parent="CharacterBody/CollisionShape3D/SherryGodotModel/Ragdoll/Armature/Skeleton3D/Physical Bone IndexFinger1_R" unique_id=1700119421]
transform = Transform3D(1, 0, 0, 0, 0, 1, 0, -1, 0, 0, 0, 0)
shape = SubResource("CapsuleShape3D_2ig0d")

[node name="Physical Bone IndexFinger2_R" type="PhysicalBone3D" parent="CharacterBody/CollisionShape3D/SherryGodotModel/Ragdoll/Armature/Skeleton3D" parent_id_path=PackedInt32Array(1626320784, 1733367552) index="25" unique_id=433212886]
transform = Transform3D(8.5137015e-07, -1.0856852e-06, -1, -0.052060265, 0.99864393, -1.1285355e-06, 0.99864393, 0.052060265, 7.9369454e-07, 0.7213808, 1.3365633, 0.0027427077)
joint_type = 1
joint_offset = Transform3D(1, 0, 0, 0, 1, 0, 0, 0, 1, 8.2756327e-07, 1.3694503e-07, 0.013311448)
body_offset = Transform3D(1.0000002, -1.5087426e-06, 5.1847996e-07, 3.9665147e-07, -1.2533225e-06, -0.9999999, 1.3746321e-06, 1.0000002, -1.3324552e-06, -8.34465e-07, 0.013311446, -1.1920929e-07)
bone_name = "IndexFinger2_R"
joint_constraints/bias = 0.3
joint_constraints/damping = 1.0
joint_constraints/impulse_clamp = 0.0

[node name="CollisionShape3D" type="CollisionShape3D" parent="CharacterBody/CollisionShape3D/SherryGodotModel/Ragdoll/Armature/Skeleton3D/Physical Bone IndexFinger2_R" unique_id=1109190888]
transform = Transform3D(1, 0, 0, 0, 0, 1, 0, -1, 0, 0, 0, 0)
shape = SubResource("CapsuleShape3D_e5scu")

[node name="Physical Bone Thumb0_R" type="PhysicalBone3D" parent="CharacterBody/CollisionShape3D/SherryGodotModel/Ragdoll/Armature/Skeleton3D" parent_id_path=PackedInt32Array(1626320784, 1733367552) index="26" unique_id=639942352]
transform = Transform3D(0.88094026, 0.4731489, -0.008630616, -0.46296057, 0.8579058, -0.22285697, -0.098040275, 0.20031929, 0.974813, 0.6167963, 1.3381803, -0.012501687)
joint_type = 1
joint_offset = Transform3D(1, 0, 0, 0, 1, 0, 0, 0, 1, -9.58854e-05, 0.00019218965, 0.021505356)
body_offset = Transform3D(0.99999964, 8.363277e-07, 1.7136335e-07, 1.4156103e-07, -9.3877316e-07, -1, -1.1678785e-06, 0.99999994, -1.1324883e-06, 9.588152e-05, 0.021505356, -0.00019216537)
bone_name = "Thumb0_R"
joint_constraints/bias = 0.3
joint_constraints/damping = 1.0
joint_constraints/impulse_clamp = 0.0

[node name="CollisionShape3D" type="CollisionShape3D" parent="CharacterBody/CollisionShape3D/SherryGodotModel/Ragdoll/Armature/Skeleton3D/Physical Bone Thumb0_R" unique_id=1483454527]
transform = Transform3D(1, 0, 0, 0, 0, 1, 0, -1, 0, 0, 0, 0)
shape = SubResource("CapsuleShape3D_ns2a3")

[node name="Physical Bone Thumb1_R" type="PhysicalBone3D" parent="CharacterBody/CollisionShape3D/SherryGodotModel/Ragdoll/Armature/Skeleton3D" parent_id_path=PackedInt32Array(1626320784, 1733367552) index="27" unique_id=76548404]
transform = Transform3D(0.946539, 0.32255185, -0.004926532, -0.32258826, 0.9464668, -0.011726775, 0.0008803054, 0.012689091, 0.9999191, 0.61703926, 1.3429217, -0.04530132)
joint_type = 1
joint_offset = Transform3D(1, 0, 0, 0, 1, 0, 0, 0, 1, 7.403357e-07, -8.9162734e-07, 0.013734164)
body_offset = Transform3D(0.9999996, 1.2722649e-07, 5.7687284e-06, 5.742244e-06, 4.3613836e-06, -0.9999999, -4.1916246e-07, 1.0000001, 4.1620806e-06, -8.1956387e-07, 0.013734162, 8.34465e-07)
bone_name = "Thumb1_R"
joint_constraints/bias = 0.3
joint_constraints/damping = 1.0
joint_constraints/impulse_clamp = 0.0

[node name="CollisionShape3D" type="CollisionShape3D" parent="CharacterBody/CollisionShape3D/SherryGodotModel/Ragdoll/Armature/Skeleton3D/Physical Bone Thumb1_R" unique_id=557834402]
transform = Transform3D(1, 0, 0, 0, 0, 1, 0, -1, 0, 0, 0, 0)
shape = SubResource("CapsuleShape3D_rgn0f")

[node name="Physical Bone MiddleFinger1_R" type="PhysicalBone3D" parent="CharacterBody/CollisionShape3D/SherryGodotModel/Ragdoll/Armature/Skeleton3D" parent_id_path=PackedInt32Array(1626320784, 1733367552) index="28" unique_id=2057197329]
transform = Transform3D(0.00047179416, -0.014818848, -0.9998901, -0.03180859, 0.99938405, -0.014826356, 0.9994939, 0.03181209, 1.3689602e-07, 0.688889, 1.3361835, 0.025779784)
joint_type = 1
joint_offset = Transform3D(1, 0, 0, 0, 1, 0, 0, 0, 1, -1.1925277e-06, -1.1471928e-05, 0.026386274)
body_offset = Transform3D(1.0000002, 2.861023e-06, 1.7733896e-08, -1.00655996e-07, 1.1642943e-06, -0.9999996, -3.0212104e-06, 1.0000002, 1.0548864e-06, 1.1920929e-06, 0.026386261, 1.1444092e-05)
bone_name = "MiddleFinger1_R"
joint_constraints/bias = 0.3
joint_constraints/damping = 1.0
joint_constraints/impulse_clamp = 0.0

[node name="CollisionShape3D" type="CollisionShape3D" parent="CharacterBody/CollisionShape3D/SherryGodotModel/Ragdoll/Armature/Skeleton3D/Physical Bone MiddleFinger1_R" unique_id=750503189]
transform = Transform3D(1, 0, 0, 0, 0, 1, 0, -1, 0, 0, 0, 0)
shape = SubResource("CapsuleShape3D_oa5a3")

