[gd_scene format=3 uid="uid://cxkxoi0vgbscy"]

[ext_resource type="Script" uid="uid://34jvnjm4q6rl" path="res://Golden Trio/Player/PlayerRoot.gd" id="2_rebjx"]
[ext_resource type="PackedScene" uid="uid://dbxpilbospngo" path="res://Assets/Mesh/SherryGodotModel.blend" id="3_mqcsf"]
[ext_resource type="Script" uid="uid://bjs4cbp5dx1d3" path="res://Golden Trio/Character/Enable_Skeleton_IK.gd" id="3_p31nf"]

[sub_resource type="CapsuleShape3D" id="CapsuleShape3D_vbank"]
radius = 0.16357422
height = 1.73

[sub_resource type="CapsuleShape3D" id="CapsuleShape3D_mqcsf"]
radius = 0.015122144
height = 0.15122144

[sub_resource type="CapsuleShape3D" id="CapsuleShape3D_p31nf"]
radius = 0.016083928
height = 0.16083927

[sub_resource type="CapsuleShape3D" id="CapsuleShape3D_62e7a"]
radius = 0.021905523
height = 0.21905522

[sub_resource type="CapsuleShape3D" id="CapsuleShape3D_shv6r"]
radius = 0.009400117
height = 0.094001174

[sub_resource type="CapsuleShape3D" id="CapsuleShape3D_atsex"]
radius = 0.012961147
height = 0.12961148

[sub_resource type="CapsuleShape3D" id="CapsuleShape3D_27mt6"]
radius = 0.013630924
height = 0.13630924

[sub_resource type="CapsuleShape3D" id="CapsuleShape3D_iodul"]
radius = 0.02515235
height = 0.2515235

[sub_resource type="CapsuleShape3D" id="CapsuleShape3D_4ha6k"]
radius = 0.018720265
height = 0.18720265

[sub_resource type="CapsuleShape3D" id="CapsuleShape3D_y0uqk"]
radius = 0.009221008
height = 0.092210084

[sub_resource type="CapsuleShape3D" id="CapsuleShape3D_vmyy6"]
radius = 0.0045570424
height = 0.045570422

[sub_resource type="CapsuleShape3D" id="CapsuleShape3D_1ruxs"]
radius = 0.0026622869
height = 0.02662287

[sub_resource type="CapsuleShape3D" id="CapsuleShape3D_qp7f3"]
radius = 0.004111373
height = 0.04111373

[sub_resource type="CapsuleShape3D" id="CapsuleShape3D_dgvwq"]
radius = 0.0027473338
height = 0.027473338

[sub_resource type="CapsuleShape3D" id="CapsuleShape3D_feabi"]
radius = 0.0052772188
height = 0.052772187

[sub_resource type="CapsuleShape3D" id="CapsuleShape3D_4rypb"]
radius = 0.0028067308
height = 0.028067308

[sub_resource type="CapsuleShape3D" id="CapsuleShape3D_2l1y2"]
radius = 0.004446625
height = 0.044466246

[sub_resource type="CapsuleShape3D" id="CapsuleShape3D_q8x4q"]
radius = 0.002522452
height = 0.02522452

[sub_resource type="CapsuleShape3D" id="CapsuleShape3D_bgij0"]
radius = 0.0033492662
height = 0.033492662

[sub_resource type="CapsuleShape3D" id="CapsuleShape3D_624g7"]
radius = 0.0024134864
height = 0.024134863

[sub_resource type="CapsuleShape3D" id="CapsuleShape3D_ufsoq"]
radius = 0.013630924
height = 0.13630924

[sub_resource type="CapsuleShape3D" id="CapsuleShape3D_ns0ce"]
radius = 0.025152352
height = 0.25152352

[sub_resource type="CapsuleShape3D" id="CapsuleShape3D_dhyhi"]
radius = 0.018720256
height = 0.18720256

[sub_resource type="CapsuleShape3D" id="CapsuleShape3D_73xt7"]
radius = 0.009221002
height = 0.092210025

[sub_resource type="CapsuleShape3D" id="CapsuleShape3D_2ig0d"]
radius = 0.0045570275
height = 0.045570273

[sub_resource type="CapsuleShape3D" id="CapsuleShape3D_e5scu"]
radius = 0.0026622876
height = 0.026622875

[sub_resource type="CapsuleShape3D" id="CapsuleShape3D_ns2a3"]
radius = 0.0041113743
height = 0.04111374

[sub_resource type="CapsuleShape3D" id="CapsuleShape3D_rgn0f"]
radius = 0.0027473338
height = 0.027473338

[sub_resource type="CapsuleShape3D" id="CapsuleShape3D_oa5a3"]
radius = 0.005277218
height = 0.05277218

[sub_resource type="CapsuleShape3D" id="CapsuleShape3D_0ymc1"]
radius = 0.0028067234
height = 0.028067233

[sub_resource type="CapsuleShape3D" id="CapsuleShape3D_1xq4e"]
radius = 0.004446609
height = 0.04446609

[sub_resource type="CapsuleShape3D" id="CapsuleShape3D_4mfp1"]
radius = 0.0025224483
height = 0.025224483

[sub_resource type="CapsuleShape3D" id="CapsuleShape3D_4bnfm"]
radius = 0.0033492637
height = 0.033492636

[sub_resource type="CapsuleShape3D" id="CapsuleShape3D_j0jhh"]
radius = 0.0024134892
height = 0.024134891

[sub_resource type="CapsuleShape3D" id="CapsuleShape3D_cvqha"]
radius = 0.042028498
height = 0.420285

[sub_resource type="CapsuleShape3D" id="CapsuleShape3D_oqw3y"]
radius = 0.04361377
height = 0.43613768

[sub_resource type="CapsuleShape3D" id="CapsuleShape3D_k6vo7"]
radius = 0.008905706
height = 0.08905706

[sub_resource type="CapsuleShape3D" id="CapsuleShape3D_0ee8v"]
radius = 0.042028505
height = 0.42028505

[sub_resource type="CapsuleShape3D" id="CapsuleShape3D_g2bvk"]
radius = 0.04361377
height = 0.4361377

[sub_resource type="CapsuleShape3D" id="CapsuleShape3D_ik2ef"]
radius = 0.008905709
height = 0.08905709

[sub_resource type="SphereShape3D" id="SphereShape3D_rwfw0"]
radius = 0.09

[sub_resource type="BoxMesh" id="BoxMesh_rwfw0"]
size = Vector3(0.025, 0.1, 0.1)

[sub_resource type="ConvexPolygonShape3D" id="ConvexPolygonShape3D_kylym"]
points = PackedVector3Array(0.1, 0, 0, 0.1, 0.1, 0, 0, 0, -0.1, 0, 0.1, -0.1, 0, 0, 0, 0, 0.1, 0)

[sub_resource type="ConvexPolygonShape3D" id="ConvexPolygonShape3D_5tqhk"]
points = PackedVector3Array(0, 0, 0, 0.1, 0, 0, 0, 0.1, 0, 0.1, 0.1, 0)

[sub_resource type="ConvexPolygonShape3D" id="ConvexPolygonShape3D_swpol"]
points = PackedVector3Array(0, 0, -0.1, 0, 0.1, -0.1, 0, 0, 0, 0, 0.1, 0)

[sub_resource type="ConvexPolygonShape3D" id="ConvexPolygonShape3D_rebjx"]
points = PackedVector3Array(0, 0, 0, 0, 0.1, 0, -0.1, 0, 0, -0.1, 0.1, 0, 0, 0, -0.1, 0, 0.1, -0.1)

[sub_resource type="ConvexPolygonShape3D" id="ConvexPolygonShape3D_64nim"]
points = PackedVector3Array(0, 0, 0, -0.1, 0, 0, 0, 0.1, 0, -0.1, 0.1, 0)

[sub_resource type="ConvexPolygonShape3D" id="ConvexPolygonShape3D_qiemt"]
points = PackedVector3Array(0, 0, -0.1, 0, 0.1, -0.1, 0, 0, 0, 0, 0.1, 0)

[node name="PlayerRoot" type="Node3D" unique_id=1128502710]
script = ExtResource("2_rebjx")

[node name="CharacterBody" type="RigidBody3D" parent="." unique_id=1899563998]
axis_lock_angular_x = true
axis_lock_angular_y = true
axis_lock_angular_z = true
mass = 4.0
contact_monitor = true
max_contacts_reported = 4

[node name="CollisionShape3D" type="CollisionShape3D" parent="CharacterBody" unique_id=1757023024]
transform = Transform3D(1, 0, 0, 0, 1, 0, 0, 0, 1, 0, 0.86902165, 0)
shape = SubResource("CapsuleShape3D_vbank")

[node name="SherryGodotModel" type="Node3D" parent="CharacterBody/CollisionShape3D" unique_id=295315918]
transform = Transform3D(1, 0, 0, 0, 1, 0, 0, 0, 1, -1.2220978, -0.869, 0)

[node name="Pose" parent="CharacterBody/CollisionShape3D/SherryGodotModel" unique_id=320930103 instance=ExtResource("3_mqcsf")]

[node name="Hand_L_IK" type="SkeletonIK3D" parent="CharacterBody/CollisionShape3D/SherryGodotModel/Pose/Armature/Skeleton3D" parent_id_path=PackedInt32Array(320930103, 1733367552) index="0" unique_id=298801943]
root_bone = &"Left arm"
tip_bone = &"Left wrist"
use_magnet = true
magnet = Vector3(0, 0, 10)
target_node = NodePath("../../../../../../XROrigin3D/LeftController/FullBodyHandPosition_L")
script = ExtResource("3_p31nf")

[node name="Hand_R_IK" type="SkeletonIK3D" parent="CharacterBody/CollisionShape3D/SherryGodotModel/Pose/Armature/Skeleton3D" parent_id_path=PackedInt32Array(320930103, 1733367552) index="1" unique_id=1352898790]
root_bone = &"Right arm"
tip_bone = &"Right wrist"
use_magnet = true
magnet = Vector3(0, 0, 10)
target_node = NodePath("../../../../../../XROrigin3D/RightController/FullBodyHandPosition_R")
script = ExtResource("3_p31nf")

[node name="Foot_L_IK" type="SkeletonIK3D" parent="CharacterBody/CollisionShape3D/SherryGodotModel/Pose/Armature/Skeleton3D" parent_id_path=PackedInt32Array(320930103, 1733367552) index="2" unique_id=918189357]
root_bone = &"Left leg"
tip_bone = &"Left ankle"
use_magnet = true
magnet = Vector3(0, 0, -10)
target_node = NodePath("../../../../../../XROrigin3D/FullBodyFootPosition_L")
script = ExtResource("3_p31nf")

[node name="Foot_R_IK" type="SkeletonIK3D" parent="CharacterBody/CollisionShape3D/SherryGodotModel/Pose/Armature/Skeleton3D" parent_id_path=PackedInt32Array(320930103, 1733367552) index="3" unique_id=1411314993]
root_bone = &"Right leg"
tip_bone = &"Right ankle"
use_magnet = true
magnet = Vector3(0, 0, -10)
target_node = NodePath("../../../../../../XROrigin3D/FullBodyFootPosition_R")
script = ExtResource("3_p31nf")

[node name="Sherry" parent="CharacterBody/CollisionShape3D/SherryGodotModel/Pose/Armature/Skeleton3D" parent_id_path=PackedInt32Array(320930103, 1733367552) index="4" unique_id=1650180576]
visible = false

[node name="Ragdoll" parent="CharacterBody/CollisionShape3D/SherryGodotModel" unique_id=1626320784 instance=ExtResource("3_mqcsf")]

[node name="Physical Bone Hips" type="PhysicalBone3D" parent="CharacterBody/CollisionShape3D/SherryGodotModel/Ragdoll/Armature/Skeleton3D" parent_id_path=PackedInt32Array(1626320784, 1733367552) index="1" unique_id=1240308216]
transform = Transform3D(-1, -6.291619e-07, -1.7377724e-08, 1.1303201e-07, -0.15235692, -0.9883256, 6.191691e-07, -0.98832554, 0.15235694, 0, 0.9128562, -0.0011298275)
joint_offset = Transform3D(1, 0, 0, 0, 1, 0, 0, 0, 1, -3.921899e-13, 3.943407e-08, 0.07561073)
body_offset = Transform3D(1, -2.3874236e-12, 5.186962e-12, 5.1798565e-12, -5.364418e-07, -1.0000004, 2.444267e-12, 1, -5.2154064e-07, 0, 0.07561076, 0)
bone_name = "Hips"

[node name="CollisionShape3D" type="CollisionShape3D" parent="CharacterBody/CollisionShape3D/SherryGodotModel/Ragdoll/Armature/Skeleton3D/Physical Bone Hips" unique_id=1111933042]
transform = Transform3D(1, 0, 0, 0, 0, 1, 0, -1, 0, 0, 0, 0)
shape = SubResource("CapsuleShape3D_mqcsf")

[node name="Physical Bone Spine" type="PhysicalBone3D" parent="CharacterBody/CollisionShape3D/SherryGodotModel/Ragdoll/Armature/Skeleton3D" parent_id_path=PackedInt32Array(1626320784, 1733367552) index="2" unique_id=697768517]
transform = Transform3D(-1, -6.3772825e-07, 1.0200505e-08, 9.768357e-09, -0.031304654, -0.99950993, 6.3773496e-07, -0.9995099, 0.031304657, 0, 1.0679646, -0.015168068)
joint_type = 1
joint_offset = Transform3D(1, 0, 0, 0, 1, 0, 0, 0, 1, 1.6722553e-14, -9.5289283e-07, 0.08041976)
body_offset = Transform3D(1, 9.038104e-12, -2.0783375e-13, -2.5224267e-13, 3.2782555e-07, -1.0000002, -9.038104e-12, 1, 2.682209e-07, 0, 0.08041978, 9.313226e-07)
bone_name = "Spine"
joint_constraints/bias = 0.3
joint_constraints/damping = 1.0
joint_constraints/impulse_clamp = 0.0

[node name="CollisionShape3D" type="CollisionShape3D" parent="CharacterBody/CollisionShape3D/SherryGodotModel/Ragdoll/Armature/Skeleton3D/Physical Bone Spine" unique_id=579660173]
transform = Transform3D(1, 0, 0, 0, 0, 1, 0, -1, 0, 0, 0, 0)
shape = SubResource("CapsuleShape3D_p31nf")

[node name="Physical Bone Chest" type="PhysicalBone3D" parent="CharacterBody/CollisionShape3D/SherryGodotModel/Ragdoll/Armature/Skeleton3D" parent_id_path=PackedInt32Array(1626320784, 1733367552) index="3" unique_id=1635491739]
transform = Transform3D(1, 2.1920926e-07, 5.7499348e-09, 4.6899203e-08, -0.18818548, -0.9821335, -2.142107e-07, 0.9821335, -0.18818548, 0, 1.2559154, 0.0029265247)
joint_type = 1
joint_offset = Transform3D(1, 0, 0, 0, 1, 0, 0, 0, 1, 1.397121e-10, 3.0445517e-07, 0.10952749)
body_offset = Transform3D(-1, 4.1476582e-07, 1.2744366e-09, 7.1054274e-15, 0.0030724704, -0.9999954, -4.1476773e-07, -0.99999523, -0.0030726194, 0, 0.10952699, 0.00033684075)
bone_name = "Chest"
joint_constraints/bias = 0.3
joint_constraints/damping = 1.0
joint_constraints/impulse_clamp = 0.0

[node name="CollisionShape3D" type="CollisionShape3D" parent="CharacterBody/CollisionShape3D/SherryGodotModel/Ragdoll/Armature/Skeleton3D/Physical Bone Chest" unique_id=1171000849]
transform = Transform3D(1, 0, 0, 0, 0, 1, 0, -1, 0, 0, 0, 0)
shape = SubResource("CapsuleShape3D_62e7a")

[node name="Physical Bone Neck" type="PhysicalBone3D" parent="CharacterBody/CollisionShape3D/SherryGodotModel/Ragdoll/Armature/Skeleton3D" parent_id_path=PackedInt32Array(1626320784, 1733367552) index="4" unique_id=1475456640]
transform = Transform3D(-1, -4.9469304e-07, 1.04850855e-07, -1.06864164e-07, 0.0040715784, -0.9999918, 4.9426205e-07, -0.9999917, -0.0040715784, 0, 1.4109113, 0.023731543)
joint_type = 1
joint_offset = Transform3D(1, 0, 0, 0, 1, 0, 0, 0, 1, -2.0745326e-15, 6.829889e-08, 0.047425617)
body_offset = Transform3D(1, 5.684342e-14, 4.3742787e-14, -2.9087843e-14, 0, -1.0000002, 0, 1.0000001, -1.0477379e-07, 0, 0.047425628, -6.3329935e-08)
bone_name = "Neck"
joint_constraints/bias = 0.3
joint_constraints/damping = 1.0
joint_constraints/impulse_clamp = 0.0

[node name="CollisionShape3D" type="CollisionShape3D" parent="CharacterBody/CollisionShape3D/SherryGodotModel/Ragdoll/Armature/Skeleton3D/Physical Bone Neck" unique_id=1773052815]
transform = Transform3D(1, 0, 0, 0, 0, 1, 0, -1, 0, 0, 0, 0)
shape = SubResource("CapsuleShape3D_shv6r")

[node name="Physical Bone Head" type="PhysicalBone3D" parent="CharacterBody/CollisionShape3D/SherryGodotModel/Ragdoll/Armature/Skeleton3D" parent_id_path=PackedInt32Array(1626320784, 1733367552) index="5" unique_id=220929479]
transform = Transform3D(0.88636607, 0.3009971, 0.35178968, -1.5736212e-08, 0.75982934, -0.65012264, -0.46298513, 0.5762466, 0.6734869, -0.022816181, 1.4996288, -0.019704763)
joint_type = 1
joint_offset = Transform3D(1, 0, 0, 0, 1, 0, 0, 0, 1, 2.5367364e-05, -1.414679e-05, 0.06480569)
body_offset = Transform3D(-0.88636625, -0.3009969, -0.3517894, 2.1689317e-12, 0.75982934, -0.65012264, 0.4629848, -0.5762467, -0.67348707, 0.022816181, 0.04214239, 0.0436259)
bone_name = "Head"
joint_constraints/bias = 0.3
joint_constraints/damping = 1.0
joint_constraints/impulse_clamp = 0.0

[node name="CollisionShape3D" type="CollisionShape3D" parent="CharacterBody/CollisionShape3D/SherryGodotModel/Ragdoll/Armature/Skeleton3D/Physical Bone Head" unique_id=115291460]
transform = Transform3D(1, 0, 0, 0, 0, 1, 0, -1, 0, 0, 0, 0)
shape = SubResource("CapsuleShape3D_atsex")

[node name="Physical Bone Left shoulder" type="PhysicalBone3D" parent="CharacterBody/CollisionShape3D/SherryGodotModel/Ragdoll/Armature/Skeleton3D" parent_id_path=PackedInt32Array(1626320784, 1733367552) index="6" unique_id=614346155]
transform = Transform3D(-0.12383438, 0.033680625, 0.9917312, 0.0965409, 0.99509156, -0.02173999, -0.98759556, 0.09305045, -0.12647812, -0.07279706, 1.3332627, 0.013735487)
joint_type = 1
joint_offset = Transform3D(1, 0, 0, 0, 1, 0, 0, 0, 1, -1.750324e-05, -3.0595278e-05, 0.068138584)
body_offset = Transform3D(1.0000002, 2.2351742e-07, 5.736947e-07, 5.1409006e-07, -6.388873e-07, -1.0000002, -7.4505806e-08, 1.0000002, -6.0908496e-07, 1.7464161e-05, 0.0681386, 3.0636787e-05)
bone_name = "Left shoulder"
joint_constraints/bias = 0.3
joint_constraints/damping = 1.0
joint_constraints/impulse_clamp = 0.0

[node name="CollisionShape3D" type="CollisionShape3D" parent="CharacterBody/CollisionShape3D/SherryGodotModel/Ragdoll/Armature/Skeleton3D/Physical Bone Left shoulder" unique_id=1432887874]
transform = Transform3D(1, 0, 0, 0, 0, 1, 0, -1, 0, 0, 0, 0)
shape = SubResource("CapsuleShape3D_27mt6")

[node name="Physical Bone Left arm" type="PhysicalBone3D" parent="CharacterBody/CollisionShape3D/SherryGodotModel/Ragdoll/Armature/Skeleton3D" parent_id_path=PackedInt32Array(1626320784, 1733367552) index="7" unique_id=702062890]
transform = Transform3D(-0.092438556, 0.0130862575, 0.9956324, 0.014358909, 0.99982715, -0.011808254, -0.9956148, 0.0132046575, -0.09261049, -0.2656268, 1.3361909, 0.034018647)
joint_type = 1
joint_offset = Transform3D(1, 0, 0, 0, 1, 0, 0, 0, 1, -1.1085857e-06, 6.90827e-06, 0.12577306)
body_offset = Transform3D(1.0000001, 1.4062971e-07, 4.0233135e-07, 3.427267e-07, 1.9115396e-06, -1.0000001, -1.21071935e-08, 1.0000002, 1.9422732e-06, 1.0579824e-06, 0.12577307, -7.1525574e-06)
bone_name = "Left arm"
joint_constraints/bias = 0.3
joint_constraints/damping = 1.0
joint_constraints/impulse_clamp = 0.0

[node name="CollisionShape3D" type="CollisionShape3D" parent="CharacterBody/CollisionShape3D/SherryGodotModel/Ragdoll/Armature/Skeleton3D/Physical Bone Left arm" unique_id=51843912]
transform = Transform3D(1, 0, 0, 0, 0, 1, 0, -1, 0, 0, 0, 0)
shape = SubResource("CapsuleShape3D_iodul")

[node name="Physical Bone Left elbow" type="PhysicalBone3D" parent="CharacterBody/CollisionShape3D/SherryGodotModel/Ragdoll/Armature/Skeleton3D" parent_id_path=PackedInt32Array(1626320784, 1733367552) index="8" unique_id=293595123]
transform = Transform3D(0.038462844, 0.018516406, 0.99908847, 0.09303535, 0.99541914, -0.022030069, -0.9949196, 0.09379789, 0.036563966, -0.48442686, 1.3398423, 0.04224389)
joint_type = 1
joint_offset = Transform3D(1, 0, 0, 0, 1, 0, 0, 0, 1, -5.0918293e-06, -9.540316e-05, 0.09368646)
body_offset = Transform3D(1.0000001, -2.2500753e-06, 6.1541796e-06, 6.135553e-06, -8.9919195e-07, -1, 2.3916364e-06, 1.0000004, -8.905772e-07, 4.515052e-06, 0.09368646, 9.548664e-05)
bone_name = "Left elbow"
joint_constraints/bias = 0.3
joint_constraints/damping = 1.0
joint_constraints/impulse_clamp = 0.0

[node name="CollisionShape3D" type="CollisionShape3D" parent="CharacterBody/CollisionShape3D/SherryGodotModel/Ragdoll/Armature/Skeleton3D/Physical Bone Left elbow" unique_id=1541695991]
transform = Transform3D(1, 0, 0, 0, 0, 1, 0, -1, 0, 0, 0, 0)
shape = SubResource("CapsuleShape3D_4ha6k")

[node name="Physical Bone Left wrist" type="PhysicalBone3D" parent="CharacterBody/CollisionShape3D/SherryGodotModel/Ragdoll/Armature/Skeleton3D" parent_id_path=PackedInt32Array(1626320784, 1733367552) index="9" unique_id=1406826601]
transform = Transform3D(-0.12202132, -0.37742043, 0.9179677, 0.9850309, -0.15950929, 0.06535382, 0.12175851, 0.9122009, 0.39123428, -0.62018263, 1.3387942, 0.020781564)
joint_type = 1
joint_offset = Transform3D(1, 0, 0, 0, 1, 0, 0, 0, 1, -2.591696e-07, 1.241342e-07, 0.046105042)
body_offset = Transform3D(0.026366062, -0.931138, -0.36371335, -9.2666596e-08, 0.36383986, -0.93146163, 0.9996526, 0.024558842, 0.009592965, 0.016769141, 0.042945027, -0.00044202805)
bone_name = "Left wrist"
joint_constraints/bias = 0.3
joint_constraints/damping = 1.0
joint_constraints/impulse_clamp = 0.0

[node name="CollisionShape3D" type="CollisionShape3D" parent="CharacterBody/CollisionShape3D/SherryGodotModel/Ragdoll/Armature/Skeleton3D/Physical Bone Left wrist" unique_id=475872062]
transform = Transform3D(1, 0, 0, 0, 0, 1, 0, -1, 0, 0, 0, 0)
shape = SubResource("CapsuleShape3D_y0uqk")

[node name="Physical Bone IndexFinger1_L" type="PhysicalBone3D" parent="CharacterBody/CollisionShape3D/SherryGodotModel/Ragdoll/Armature/Skeleton3D" parent_id_path=PackedInt32Array(1626320784, 1733367552) index="10" unique_id=324791967]
transform = Transform3D(-0.0017688602, 0.0170885, 0.9998525, -0.10266951, 0.99456716, -0.017179808, -0.994714, -0.102684736, -4.782195e-06, -0.6851896, 1.3361726, 0.0027579784)
joint_type = 1
joint_offset = Transform3D(1, 0, 0, 0, 1, 0, 0, 0, 1, 1.432824e-05, -6.4564733e-07, 0.02268743)
body_offset = Transform3D(1.0000002, -5.5879354e-07, 5.5485434e-06, 5.536048e-06, -8.407304e-06, -1.0000002, 6.92904e-07, 1.0000004, -8.322999e-06, -1.4454126e-05, 0.022687435, 8.34465e-07)
bone_name = "IndexFinger1_L"
joint_constraints/bias = 0.3
joint_constraints/damping = 1.0
joint_constraints/impulse_clamp = 0.0

[node name="CollisionShape3D" type="CollisionShape3D" parent="CharacterBody/CollisionShape3D/SherryGodotModel/Ragdoll/Armature/Skeleton3D/Physical Bone IndexFinger1_L" unique_id=1284751504]
transform = Transform3D(1, 0, 0, 0, 0, 1, 0, -1, 0, 0, 0, 0)
shape = SubResource("CapsuleShape3D_vmyy6")

[node name="Physical Bone IndexFinger2_L" type="PhysicalBone3D" parent="CharacterBody/CollisionShape3D/SherryGodotModel/Ragdoll/Armature/Skeleton3D" parent_id_path=PackedInt32Array(1626320784, 1733367552) index="11" unique_id=363988010]
transform = Transform3D(-2.0942544e-08, 9.901762e-07, 1, 0.052061323, 0.9986439, -9.877431e-07, -0.9986439, 0.052061323, -7.2464026e-08, -0.7213806, 1.3367298, 0.0027674742)
joint_type = 1
joint_offset = Transform3D(1, 0, 0, 0, 1, 0, 0, 0, 1, 1.50929545e-05, -0.00016771296, 0.013311384)
body_offset = Transform3D(1.0000002, 2.8312206e-07, 1.4765854e-07, 1.18964294e-07, -1.1727155e-06, -1.0000001, -1.1920929e-07, 1.0000002, -1.0863108e-06, -1.5094876e-05, 0.013311386, 0.00016772747)
bone_name = "IndexFinger2_L"
joint_constraints/bias = 0.3
joint_constraints/damping = 1.0
joint_constraints/impulse_clamp = 0.0

[node name="CollisionShape3D" type="CollisionShape3D" parent="CharacterBody/CollisionShape3D/SherryGodotModel/Ragdoll/Armature/Skeleton3D/Physical Bone IndexFinger2_L" unique_id=1732721329]
transform = Transform3D(1, 0, 0, 0, 0, 1, 0, -1, 0, 0, 0, 0)
shape = SubResource("CapsuleShape3D_1ruxs")

[node name="Physical Bone Thumb0_L" type="PhysicalBone3D" parent="CharacterBody/CollisionShape3D/SherryGodotModel/Ragdoll/Armature/Skeleton3D" parent_id_path=PackedInt32Array(1626320784, 1733367552) index="12" unique_id=11392893]
transform = Transform3D(0.88094115, -0.4731472, 0.008631398, 0.46295938, 0.8579073, -0.22285378, 0.0980377, 0.20031705, 0.9748137, -0.6167965, 1.3381784, -0.011528423)
joint_type = 1
joint_offset = Transform3D(1, 0, 0, 0, 1, 0, 0, 0, 1, 1.5126582e-06, -1.4617538e-06, 0.020556295)
body_offset = Transform3D(1.0000001, 1.0151416e-06, 1.8030405e-06, 1.9073486e-06, 1.5944242e-06, -1.0000002, -8.828938e-07, 1.0000001, 1.5199184e-06, -1.5497208e-06, 0.0205563, 1.4305115e-06)
bone_name = "Thumb0_L"
joint_constraints/bias = 0.3
joint_constraints/damping = 1.0
joint_constraints/impulse_clamp = 0.0

[node name="CollisionShape3D" type="CollisionShape3D" parent="CharacterBody/CollisionShape3D/SherryGodotModel/Ragdoll/Armature/Skeleton3D/Physical Bone Thumb0_L" unique_id=123721888]
transform = Transform3D(1, 0, 0, 0, 0, 1, 0, -1, 0, 0, 0, 0)
shape = SubResource("CapsuleShape3D_qp7f3")

[node name="Physical Bone Thumb1_L" type="PhysicalBone3D" parent="CharacterBody/CollisionShape3D/SherryGodotModel/Ragdoll/Armature/Skeleton3D" parent_id_path=PackedInt32Array(1626320784, 1733367552) index="13" unique_id=1950810788]
transform = Transform3D(0.9465346, -0.32256475, 0.004930559, 0.3226012, 0.9464624, -0.01172452, -0.0008846719, 0.012688267, 0.9999192, -0.6170397, 1.3429201, -0.04530381)
joint_type = 1
joint_offset = Transform3D(1, 0, 0, 0, 1, 0, 0, 0, 1, 1.3957519e-07, -6.986596e-08, 0.013736669)
body_offset = Transform3D(1.0000002, -1.3689768e-05, -1.4826655e-06, -1.4078687e-06, 5.1977113e-06, -1.0000002, 1.3744902e-05, 1.0000001, 5.0859526e-06, -1.1920929e-07, 0.013736673, 0)
bone_name = "Thumb1_L"
joint_constraints/bias = 0.3
joint_constraints/damping = 1.0
joint_constraints/impulse_clamp = 0.0

[node name="CollisionShape3D" type="CollisionShape3D" parent="CharacterBody/CollisionShape3D/SherryGodotModel/Ragdoll/Armature/Skeleton3D/Physical Bone Thumb1_L" unique_id=809627006]
transform = Transform3D(1, 0, 0, 0, 0, 1, 0, -1, 0, 0, 0, 0)
shape = SubResource("CapsuleShape3D_dgvwq")

[node name="Physical Bone MiddleFinger1_L" type="PhysicalBone3D" parent="CharacterBody/CollisionShape3D/SherryGodotModel/Ragdoll/Armature/Skeleton3D" parent_id_path=PackedInt32Array(1626320784, 1733367552) index="14" unique_id=122352289]
transform = Transform3D(0.0004711927, 0.014823827, 0.99989, 0.031796236, 0.99938434, -0.014831314, -0.9994943, 0.03179973, -4.3928205e-07, -0.6891024, 1.336184, 0.025723519)
joint_type = 1
joint_offset = Transform3D(1, 0, 0, 0, 1, 0, 0, 0, 1, -5.5108394e-05, -7.0525916e-06, 0.02659988)
body_offset = Transform3D(1.0000002, 9.495765e-06, 1.4970956e-07, 1.247493e-07, -3.8160033e-06, -1.0000001, -9.357929e-06, 1.0000002, -3.7774478e-06, 5.5104494e-05, 0.026599884, 7.1525574e-06)
bone_name = "MiddleFinger1_L"
joint_constraints/bias = 0.3
joint_constraints/damping = 1.0
joint_constraints/impulse_clamp = 0.0

[node name="CollisionShape3D" type="CollisionShape3D" parent="CharacterBody/CollisionShape3D/SherryGodotModel/Ragdoll/Armature/Skeleton3D/Physical Bone MiddleFinger1_L" unique_id=1382142826]
transform = Transform3D(1, 0, 0, 0, 0, 1, 0, -1, 0, 0, 0, 0)
shape = SubResource("CapsuleShape3D_feabi")

[node name="Physical Bone MiddleFinger2_L" type="PhysicalBone3D" parent="CharacterBody/CollisionShape3D/SherryGodotModel/Ragdoll/Armature/Skeleton3D" parent_id_path=PackedInt32Array(1626320784, 1733367552) index="15" unique_id=120081318]
transform = Transform3D(2.3746765e-07, 4.85716e-06, 1, 0.12599023, 0.9920315, -4.848374e-06, -0.9920316, 0.12599023, -3.7637923e-07, -0.72930574, 1.3365633, 0.025443297)
joint_type = 1
joint_offset = Transform3D(1, 0, 0, 0, 1, 0, 0, 0, 1, -0.00033241502, 4.2090818e-05, 0.0140336715)
body_offset = Transform3D(1.0000004, 1.3411045e-07, 2.02823e-09, -2.9433409e-08, -7.528199e-07, -1.0000002, 0, 1.0000005, -7.099001e-07, 0.0003324151, 0.014033675, -4.208088e-05)
bone_name = "MiddleFinger2_L"
joint_constraints/bias = 0.3
joint_constraints/damping = 1.0
joint_constraints/impulse_clamp = 0.0

[node name="CollisionShape3D" type="CollisionShape3D" parent="CharacterBody/CollisionShape3D/SherryGodotModel/Ragdoll/Armature/Skeleton3D/Physical Bone MiddleFinger2_L" unique_id=920528922]
transform = Transform3D(1, 0, 0, 0, 0, 1, 0, -1, 0, 0, 0, 0)
shape = SubResource("CapsuleShape3D_4rypb")

[node name="Physical Bone RingFinger1_L" type="PhysicalBone3D" parent="CharacterBody/CollisionShape3D/SherryGodotModel/Ragdoll/Armature/Skeleton3D" parent_id_path=PackedInt32Array(1626320784, 1733367552) index="16" unique_id=1135114338]
transform = Transform3D(0.0017259103, 0.017506534, 0.9998453, 0.09842649, 0.99498886, -0.017591404, -0.9951429, 0.09844161, -5.845098e-06, -0.6847353, 1.3361719, 0.04889183)
joint_type = 1
joint_offset = Transform3D(1, 0, 0, 0, 1, 0, 0, 0, 1, -2.0714866e-07, 1.2211032e-09, 0.022233127)
body_offset = Transform3D(1.0000004, -6.03497e-07, 6.301116e-06, 6.2722274e-06, 5.2533333e-06, -1.0000001, 7.4505806e-07, 1.0000002, 5.306871e-06, 6.7055225e-08, 0.022233129, -1.1920929e-07)
bone_name = "RingFinger1_L"
joint_constraints/bias = 0.3
joint_constraints/damping = 1.0
joint_constraints/impulse_clamp = 0.0

[node name="CollisionShape3D" type="CollisionShape3D" parent="CharacterBody/CollisionShape3D/SherryGodotModel/Ragdoll/Armature/Skeleton3D/Physical Bone RingFinger1_L" unique_id=417231243]
transform = Transform3D(1, 0, 0, 0, 0, 1, 0, -1, 0, 0, 0, 0)
shape = SubResource("CapsuleShape3D_2l1y2")

[node name="Physical Bone RingFinger2_L" type="PhysicalBone3D" parent="CharacterBody/CollisionShape3D/SherryGodotModel/Ragdoll/Armature/Skeleton3D" parent_id_path=PackedInt32Array(1626320784, 1733367552) index="17" unique_id=722825636]
transform = Transform3D(9.966573e-08, 6.1534195e-07, 1, -0.082843095, 0.99656266, -6.049701e-07, -0.99656266, -0.082843095, 1.5029997e-07, -0.7195771, 1.3365631, 0.048891906)
joint_type = 1
joint_offset = Transform3D(1, 0, 0, 0, 1, 0, 0, 0, 1, -1.1814325e-08, 9.5159125e-09, 0.012612224)
body_offset = Transform3D(1.0000004, 2.682209e-07, -2.4474946e-07, -2.6567403e-07, -8.127825e-07, -1, -1.1175871e-07, 1.0000002, -7.544995e-07, 1.4901161e-08, 0.012612224, 0)
bone_name = "RingFinger2_L"
joint_constraints/bias = 0.3
joint_constraints/damping = 1.0
joint_constraints/impulse_clamp = 0.0

[node name="CollisionShape3D" type="CollisionShape3D" parent="CharacterBody/CollisionShape3D/SherryGodotModel/Ragdoll/Armature/Skeleton3D/Physical Bone RingFinger2_L" unique_id=1898054260]
transform = Transform3D(1, 0, 0, 0, 0, 1, 0, -1, 0, 0, 0, 0)
shape = SubResource("CapsuleShape3D_q8x4q")

[node name="Physical Bone LittleFinger1_L" type="PhysicalBone3D" parent="CharacterBody/CollisionShape3D/SherryGodotModel/Ragdoll/Armature/Skeleton3D" parent_id_path=PackedInt32Array(1626320784, 1733367552) index="18" unique_id=633403534]
transform = Transform3D(9.084617e-05, 0.023362348, 0.9997271, 0.0038959663, 0.99971956, -0.023362523, -0.9999925, 0.0038970255, -1.9821735e-07, -0.67925584, 1.3361778, 0.07202551)
joint_type = 1
joint_offset = Transform3D(1, 0, 0, 0, 1, 0, 0, 0, 1, -1.0232097e-07, -5.7295515e-06, 0.01675498)
body_offset = Transform3D(1.0000004, 1.2200326e-07, -1.1855745e-07, -1.3909224e-07, 3.962013e-07, -1.0000004, 0, 1.0000005, 4.4812504e-07, 1.0430813e-07, 0.016754985, 5.722046e-06)
bone_name = "LittleFinger1_L"
joint_constraints/bias = 0.3
joint_constraints/damping = 1.0
joint_constraints/impulse_clamp = 0.0

[node name="CollisionShape3D" type="CollisionShape3D" parent="CharacterBody/CollisionShape3D/SherryGodotModel/Ragdoll/Armature/Skeleton3D/Physical Bone LittleFinger1_L" unique_id=78638115]
transform = Transform3D(1, 0, 0, 0, 0, 1, 0, -1, 0, 0, 0, 0)
shape = SubResource("CapsuleShape3D_bgij0")

[node name="Physical Bone LittleFinger2_L" type="PhysicalBone3D" parent="CharacterBody/CollisionShape3D/SherryGodotModel/Ragdoll/Armature/Skeleton3D" parent_id_path=PackedInt32Array(1626320784, 1733367552) index="19" unique_id=1654941754]
transform = Transform3D(3.4111147e-07, 2.5414217e-06, 1, 0.050269432, 0.9987357, -2.555356e-06, -0.9987357, 0.050269432, 2.1292436e-07, -0.70805645, 1.3365631, 0.07202558)
joint_type = 1
joint_offset = Transform3D(1, 0, 0, 0, 1, 0, 0, 0, 1, 4.4118633e-09, 3.103616e-08, 0.0120674325)
body_offset = Transform3D(1.0000004, -1.3485551e-06, -3.655975e-07, -3.9151962e-07, -2.6289667e-06, -1.0000004, 1.475215e-06, 1.0000004, -2.5718953e-06, 0, 0.012067437, 0)
bone_name = "LittleFinger2_L"
joint_constraints/bias = 0.3
joint_constraints/damping = 1.0
joint_constraints/impulse_clamp = 0.0

[node name="CollisionShape3D" type="CollisionShape3D" parent="CharacterBody/CollisionShape3D/SherryGodotModel/Ragdoll/Armature/Skeleton3D/Physical Bone LittleFinger2_L" unique_id=1749192233]
transform = Transform3D(1, 0, 0, 0, 0, 1, 0, -1, 0, 0, 0, 0)
shape = SubResource("CapsuleShape3D_624g7")

[node name="Physical Bone Right shoulder" type="PhysicalBone3D" parent="CharacterBody/CollisionShape3D/SherryGodotModel/Ragdoll/Armature/Skeleton3D" parent_id_path=PackedInt32Array(1626320784, 1733367552) index="20" unique_id=763067648]
transform = Transform3D(-0.12383365, -0.033680663, -0.9917312, -0.0965416, 0.99509156, -0.021740003, 0.98759556, 0.09305118, -0.12647739, 0.07281184, 1.333231, 0.01375162)
joint_type = 1
joint_offset = Transform3D(1, 0, 0, 0, 1, 0, 0, 0, 1, 2.6584826e-07, -7.515819e-08, 0.06815458)
body_offset = Transform3D(1, 5.811453e-07, -7.4505806e-08, -1.7881393e-07, -5.6345016e-07, -0.9999999, -7.599592e-07, 1.0000001, -6.4633787e-07, -2.6077032e-07, 0.06815457, 1.1920929e-07)
bone_name = "Right shoulder"
joint_constraints/bias = 0.3
joint_constraints/damping = 1.0
joint_constraints/impulse_clamp = 0.0

[node name="CollisionShape3D" type="CollisionShape3D" parent="CharacterBody/CollisionShape3D/SherryGodotModel/Ragdoll/Armature/Skeleton3D/Physical Bone Right shoulder" unique_id=313040086]
transform = Transform3D(1, 0, 0, 0, 0, 1, 0, -1, 0, 0, 0, 0)
shape = SubResource("CapsuleShape3D_ufsoq")

[node name="Physical Bone Right arm" type="PhysicalBone3D" parent="CharacterBody/CollisionShape3D/SherryGodotModel/Ragdoll/Armature/Skeleton3D" parent_id_path=PackedInt32Array(1626320784, 1733367552) index="21" unique_id=1322204744]
transform = Transform3D(-0.09243139, -0.013093225, -0.995633, -0.014355704, 0.9998272, -0.011815643, 0.9956156, 0.013200877, -0.09260337, 0.26561546, 1.3361979, 0.03401868)
joint_type = 1
joint_offset = Transform3D(1, 0, 0, 0, 1, 0, 0, 0, 1, -8.2928733e-07, 5.649632e-07, 0.12576182)
body_offset = Transform3D(1, -3.22517e-06, 6.6533685e-06, 6.5416098e-06, -5.3482363e-06, -0.9999999, 3.0826777e-06, 1.0000001, -5.4402044e-06, -7.450581e-09, 0.1257618, 1.1920929e-07)
bone_name = "Right arm"
joint_constraints/bias = 0.3
joint_constraints/damping = 1.0
joint_constraints/impulse_clamp = 0.0

[node name="CollisionShape3D" type="CollisionShape3D" parent="CharacterBody/CollisionShape3D/SherryGodotModel/Ragdoll/Armature/Skeleton3D/Physical Bone Right arm" unique_id=866893811]
transform = Transform3D(1, 0, 0, 0, 0, 1, 0, -1, 0, 0, 0, 0)
shape = SubResource("CapsuleShape3D_ns0ce")

[node name="Physical Bone Right elbow" type="PhysicalBone3D" parent="CharacterBody/CollisionShape3D/SherryGodotModel/Ragdoll/Armature/Skeleton3D" parent_id_path=PackedInt32Array(1626320784, 1733367552) index="22" unique_id=412445463]
transform = Transform3D(0.038463093, -0.0185155, -0.99908847, -0.09303374, 0.9954192, -0.02202913, 0.9949198, 0.09379624, 0.036564335, 0.48434395, 1.339745, 0.042242885)
joint_type = 1
joint_offset = Transform3D(1, 0, 0, 0, 1, 0, 0, 0, 1, 1.2063596e-07, -1.1487232e-07, 0.093601316)
body_offset = Transform3D(0.9999999, 6.3329935e-07, -6.0647726e-06, -6.210059e-06, 5.7043508e-08, -0.9999997, -7.748604e-07, 1.0000002, -4.6333298e-08, 4.4703484e-07, 0.09360129, 1.1920929e-07)
bone_name = "Right elbow"
joint_constraints/bias = 0.3
joint_constraints/damping = 1.0
joint_constraints/impulse_clamp = 0.0

[node name="CollisionShape3D" type="CollisionShape3D" parent="CharacterBody/CollisionShape3D/SherryGodotModel/Ragdoll/Armature/Skeleton3D/Physical Bone Right elbow" unique_id=419008425]
transform = Transform3D(1, 0, 0, 0, 0, 1, 0, -1, 0, 0, 0, 0)
shape = SubResource("CapsuleShape3D_dhyhi")

[node name="Physical Bone Right wrist" type="PhysicalBone3D" parent="CharacterBody/CollisionShape3D/SherryGodotModel/Ragdoll/Armature/Skeleton3D" parent_id_path=PackedInt32Array(1626320784, 1733367552) index="23" unique_id=968437943]
transform = Transform3D(-0.12202147, 0.37742215, -0.91796696, -0.98503083, -0.15950923, 0.06535375, -0.12175824, 0.9122003, 0.391236, 0.6201826, 1.338794, 0.020781504)
joint_type = 1
joint_offset = Transform3D(1, 0, 0, 0, 1, 0, 0, 0, 1, -9.636278e-08, 1.0069016e-08, 0.046104833)
body_offset = Transform3D(0.026366323, 0.9311374, 0.36371487, 4.656613e-10, 0.36384112, -0.93146086, -0.99965256, 0.024559006, 0.009593118, -0.016769022, 0.04294485, -0.00044238567)
bone_name = "Right wrist"
joint_constraints/bias = 0.3
joint_constraints/damping = 1.0
joint_constraints/impulse_clamp = 0.0

[node name="CollisionShape3D" type="CollisionShape3D" parent="CharacterBody/CollisionShape3D/SherryGodotModel/Ragdoll/Armature/Skeleton3D/Physical Bone Right wrist" unique_id=1078747772]
transform = Transform3D(1, 0, 0, 0, 0, 1, 0, -1, 0, 0, 0, 0)
shape = SubResource("CapsuleShape3D_73xt7")

[node name="Physical Bone IndexFinger1_R" type="PhysicalBone3D" parent="CharacterBody/CollisionShape3D/SherryGodotModel/Ragdoll/Armature/Skeleton3D" parent_id_path=PackedInt32Array(1626320784, 1733367552) index="24" unique_id=498805100]
transform = Transform3D(-0.0017627202, -0.017081568, -0.99985254, 0.102670394, 0.9945673, -0.017172277, 0.9947139, -0.102685526, 6.2761353e-07, 0.68533015, 1.3361759, 0.0027425943)
joint_type = 1
joint_offset = Transform3D(1, 0, 0, 0, 1, 0, 0, 0, 1, 6.172647e-07, -3.1837585e-06, 0.02282781)
body_offset = Transform3D(1.0000001, -3.7252903e-07, 3.759834e-07, 2.669214e-07, -1.4138527e-06, -0.99999976, 2.5331974e-07, 1.0000002, -1.5284738e-06, -6.2584877e-07, 0.022827804, 3.2186508e-06)
bone_name = "IndexFinger1_R"
joint_constraints/bias = 0.3
joint_constraints/damping = 1.0
joint_constraints/impulse_clamp = 0.0

[node name="CollisionShape3D" type="CollisionShape3D" parent="CharacterBody/CollisionShape3D/SherryGodotModel/Ragdoll/Armature/Skeleton3D/Physical Bone IndexFinger1_R" unique_id=1700119421]
transform = Transform3D(1, 0, 0, 0, 0, 1, 0, -1, 0, 0, 0, 0)
shape = SubResource("CapsuleShape3D_2ig0d")

[node name="Physical Bone IndexFinger2_R" type="PhysicalBone3D" parent="CharacterBody/CollisionShape3D/SherryGodotModel/Ragdoll/Armature/Skeleton3D" parent_id_path=PackedInt32Array(1626320784, 1733367552) index="25" unique_id=433212886]
transform = Transform3D(8.5137015e-07, -1.0856852e-06, -1, -0.052060265, 0.99864393, -1.1285355e-06, 0.99864393, 0.052060265, 7.9369454e-07, 0.7213808, 1.3365633, 0.0027433299)
joint_type = 1
joint_offset = Transform3D(1, 0, 0, 0, 1, 0, 0, 0, 1, 1.9426395e-07, 1.7736635e-08, 0.013311448)
body_offset = Transform3D(1.0000002, -1.5087426e-06, 5.1847996e-07, 3.9665147e-07, -1.2533225e-06, -0.9999999, 1.3746321e-06, 1.0000002, -1.3324552e-06, -2.0116568e-07, 0.013311446, 0)
bone_name = "IndexFinger2_R"
joint_constraints/bias = 0.3
joint_constraints/damping = 1.0
joint_constraints/impulse_clamp = 0.0

[node name="CollisionShape3D" type="CollisionShape3D" parent="CharacterBody/CollisionShape3D/SherryGodotModel/Ragdoll/Armature/Skeleton3D/Physical Bone IndexFinger2_R" unique_id=1109190888]
transform = Transform3D(1, 0, 0, 0, 0, 1, 0, -1, 0, 0, 0, 0)
shape = SubResource("CapsuleShape3D_e5scu")

[node name="Physical Bone Thumb0_R" type="PhysicalBone3D" parent="CharacterBody/CollisionShape3D/SherryGodotModel/Ragdoll/Armature/Skeleton3D" parent_id_path=PackedInt32Array(1626320784, 1733367552) index="26" unique_id=639942352]
transform = Transform3D(0.88094026, 0.4731489, -0.008630616, -0.46296057, 0.8579058, -0.22285697, -0.098040275, 0.20031929, 0.974813, 0.61679465, 1.3381782, -0.012390647)
joint_type = 1
joint_offset = Transform3D(1, 0, 0, 0, 1, 0, 0, 0, 1, -8.452323e-05, 0.00017257959, 0.021396607)
body_offset = Transform3D(0.99999964, 8.363277e-07, 1.7136335e-07, 1.4156103e-07, -9.3877316e-07, -1, -1.1678785e-06, 0.99999994, -1.1324883e-06, 8.4519386e-05, 0.021396607, -0.00017255545)
bone_name = "Thumb0_R"
joint_constraints/bias = 0.3
joint_constraints/damping = 1.0
joint_constraints/impulse_clamp = 0.0

[node name="CollisionShape3D" type="CollisionShape3D" parent="CharacterBody/CollisionShape3D/SherryGodotModel/Ragdoll/Armature/Skeleton3D/Physical Bone Thumb0_R" unique_id=1483454527]
transform = Transform3D(1, 0, 0, 0, 0, 1, 0, -1, 0, 0, 0, 0)
shape = SubResource("CapsuleShape3D_ns2a3")

[node name="Physical Bone Thumb1_R" type="PhysicalBone3D" parent="CharacterBody/CollisionShape3D/SherryGodotModel/Ragdoll/Armature/Skeleton3D" parent_id_path=PackedInt32Array(1626320784, 1733367552) index="27" unique_id=76548404]
transform = Transform3D(0.946539, 0.32255182, -0.0049282946, -0.32258826, 0.9464668, -0.011726451, 0.00088207866, 0.012689354, 0.9999191, 0.6170398, 1.3429208, -0.045303866)
joint_type = 1
joint_offset = Transform3D(1, 0, 0, 0, 1, 0, 0, 0, 1, -5.4881568e-08, -5.3565454e-08, 0.013736675)
body_offset = Transform3D(0.9999996, 9.7656994e-08, 3.9952574e-06, 3.9691804e-06, 4.0978193e-06, -0.9999999, -3.966552e-07, 1.0000001, 3.8994476e-06, 0, 0.013736673, 0)
bone_name = "Thumb1_R"
joint_constraints/bias = 0.3
joint_constraints/damping = 1.0
joint_constraints/impulse_clamp = 0.0

[node name="CollisionShape3D" type="CollisionShape3D" parent="CharacterBody/CollisionShape3D/SherryGodotModel/Ragdoll/Armature/Skeleton3D/Physical Bone Thumb1_R" unique_id=557834402]
transform = Transform3D(1, 0, 0, 0, 0, 1, 0, -1, 0, 0, 0, 0)
shape = SubResource("CapsuleShape3D_rgn0f")

[node name="Physical Bone MiddleFinger1_R" type="PhysicalBone3D" parent="CharacterBody/CollisionShape3D/SherryGodotModel/Ragdoll/Armature/Skeleton3D" parent_id_path=PackedInt32Array(1626320784, 1733367552) index="28" unique_id=2057197329]
transform = Transform3D(0.00047179416, -0.014818848, -0.9998901, -0.03180859, 0.99938405, -0.014826356, 0.9994939, 0.03181209, 1.3689602e-07, 0.688889, 1.3361721, 0.025779283)
joint_type = 1
joint_offset = Transform3D(1, 0, 0, 0, 1, 0, 0, 0, 1, -1.0547247e-06, -2.7837574e-08, 0.026386155)
body_offset = Transform3D(1.0000002, 2.861023e-06, 1.7733896e-08, -1.00655996e-07, 1.1642943e-06, -0.9999996, -3.0212104e-06, 1.0000002, 1.0548864e-06, 1.0542572e-06, 0.026386142, 0)
bone_name = "MiddleFinger1_R"
joint_constraints/bias = 0.3
joint_constraints/damping = 1.0
joint_constraints/impulse_clamp = 0.0

[node name="CollisionShape3D" type="CollisionShape3D" parent="CharacterBody/CollisionShape3D/SherryGodotModel/Ragdoll/Armature/Skeleton3D/Physical Bone MiddleFinger1_R" unique_id=750503189]
transform = Transform3D(1, 0, 0, 0, 0, 1, 0, -1, 0, 0, 0, 0)
shape = SubResource("CapsuleShape3D_oa5a3")

