[gd_scene format=3 uid="uid://b03o7y2sq2hh"]

[ext_resource type="Script" uid="uid://c08eh0siqpyxj" path="res://Golden Trio/Player/Play. Scripts/Player_Possession.gd" id="1_nt1av"]
[ext_resource type="PackedScene" uid="uid://lmhd8xldy066" path="res://Golden Trio/Character/Character.tscn" id="2_7m6cs"]

[node name="PlayerPossession" type="Node3D" unique_id=582476091 node_paths=PackedStringArray("left_hand", "right_hand")]
editor_description = "Works more like a player character than a possessor at the moment."
script = ExtResource("1_nt1av")
left_hand = NodePath("Character/Target_Hand_L")
right_hand = NodePath("Character/Target_Hand_R")
hand_speed = 1.0

[node name="Character" parent="." unique_id=1735264460 instance=ExtResource("2_7m6cs")]

[node name="Physical Bone Hips" parent="Character/Physical/Armature/Skeleton3D" parent_id_path=PackedInt32Array(1735264460, 1604068801, 1172926452) index="2" unique_id=1666936440]
transform = Transform3D(-1, -6.2917474e-07, -1.737429e-08, 1.1303071e-07, -0.15235715, -0.98832554, 6.191823e-07, -0.98832554, 0.15235715, -1.1920811e-07, 0.9128587, -0.001129738)
joint_offset = Transform3D(1, 0, 0, 0, 1, 0, 0, 0, 1, -1.2390765e-07, 5.320467e-07, 0.075613245)
body_offset = Transform3D(1, 1.0459189e-11, 1.8829382e-12, 1.8829382e-12, -7.599592e-07, -1.0000002, -1.0402346e-11, 0.9999999, -7.301569e-07, 1.2390751e-07, 0.07561326, -4.7683716e-07)

[node name="Physical Bone Spine" parent="Character/Physical/Armature/Skeleton3D" parent_id_path=PackedInt32Array(1735264460, 1604068801, 1172926452) index="3" unique_id=2010498217]
transform = Transform3D(-1, -6.377306e-07, 1.0199705e-08, 9.768318e-09, -0.031303227, -0.99951, 6.3773734e-07, -0.99950993, 0.031303227, -4.30167e-11, 1.068135, -0.015173663)
joint_offset = Transform3D(1, 0, 0, 0, 1, 0, 0, 0, 1, -5.2328e-09, -1.3215439e-06, 0.080590405)
body_offset = Transform3D(1, 1.1368684e-11, -3.1974423e-13, -3.659295e-13, 1.7546117e-06, -1.0000002, -1.1425527e-11, 1, 1.6987324e-06, 5.2328257e-09, 0.08059043, 1.1846423e-06)

[node name="Physical Bone Head" parent="Character/Physical/Armature/Skeleton3D" parent_id_path=PackedInt32Array(1735264460, 1604068801, 1172926452) index="6" unique_id=361017574]
transform = Transform3D(-1, -3.0921075e-07, 2.927623e-13, -3.4805348e-13, 1.7881393e-07, -1, 3.0921075e-07, -1, -1.7881393e-07, -3.9203485e-10, 1.5725284, 0.023920564)
joint_offset = Transform3D(1, 0, 0, 0, 1, 0, 0, 0, 1, 6.351825e-09, -5.750544e-07, 0.11504221)
body_offset = Transform3D(1, -8.020365e-08, -3.4074588e-13, -3.5923266e-13, 2.1280721e-07, -1, 8.020379e-08, 1, 1.08964734e-07, -6.351832e-09, 0.11504221, 5.6251884e-07)

[node name="Physical Bone Right arm" parent="Character/Physical/Armature/Skeleton3D" parent_id_path=PackedInt32Array(1735264460, 1604068801, 1172926452) index="8" unique_id=1451233637]
transform = Transform3D(-0.09242798, -0.013092798, -0.9956333, -0.014356054, 0.9998272, -0.011815226, 0.9956159, 0.013201308, -0.092599966, 0.26561517, 1.3361764, 0.034016207)
joint_offset = Transform3D(1, 0, 0, 0, 1, 0, 0, 0, 1, 8.557372e-07, 2.1725717e-05, 0.12576105)
body_offset = Transform3D(1, -2.834946e-06, 1.0065734e-05, 9.968877e-06, -4.8836228e-06, -0.99999994, 2.6924536e-06, 1.0000001, -4.975125e-06, -2.1215528e-06, 0.12576103, -2.1100044e-05)

[node name="Physical Bone Right wrist" parent="Character/Physical/Armature/Skeleton3D" parent_id_path=PackedInt32Array(1735264460, 1604068801, 1172926452) index="10" unique_id=1723246224]
transform = Transform3D(0.99539626, 0.095845655, -5.785468e-06, -0.095845655, 0.99539626, 6.5151685e-06, 6.383284e-06, -5.930662e-06, 1, 0.5984068, 1.338763, 0.025964059)
joint_offset = Transform3D(1, 0, 0, 0, 1, 0, 0, 0, 1, -0.020743988, 0.0010604502, 0.012855455)
body_offset = Transform3D(0.028723167, -0.14866436, 0.9884707, 0.9992001, -0.023248322, -0.032531563, 0.027816517, 0.9886146, 0.14787753, -0.011953756, 0.021170259, -0.002372384)

[node name="Physical Bone Right knee" parent="Character/Physical/Armature/Skeleton3D" parent_id_path=PackedInt32Array(1735264460, 1604068801, 1172926452) index="12" unique_id=1958529998]
transform = Transform3D(-1, -5.879332e-07, 2.8543182e-08, -5.2296734e-08, 0.13704045, 0.9905655, -5.8629786e-07, 0.9905655, -0.13704045, 0.10225483, 0.27957034, -0.0047492273)
joint_offset = Transform3D(1, 0, 0, 0, 1, 0, 0, 0, 1, 0.020993752, 1.4340748e-05, 0.21429844)
body_offset = Transform3D(1, 7.787548e-12, 6.2219456e-09, 6.221505e-09, 9.3877316e-07, -1.0000002, -9.038104e-12, 1.0000018, -1.4901161e-07, -0.020993754, 0.21429849, -1.430884e-05)

[node name="Physical Bone Right ankle" parent="Character/Physical/Armature/Skeleton3D" parent_id_path=PackedInt32Array(1735264460, 1604068801, 1172926452) index="13" unique_id=862355997]
transform = Transform3D(-1, -9.186483e-07, -1.0337336e-07, 6.955999e-07, -0.82138264, 0.5703776, -6.088855e-07, 0.5703776, 0.82138264, 0.081264645, 0.041875586, -0.011940818)
joint_offset = Transform3D(1, 0, 0, 0, 1, 0, 0, 0, 1, 3.5716757e-06, 1.4390599e-06, 0.044529315)
body_offset = Transform3D(1, -2.5579538e-13, -6.39493e-08, -6.394788e-08, 8.046627e-07, -1.000001, -1.1937118e-12, 1.0000011, 2.6524067e-06, -3.568828e-06, 0.044529356, -1.5571713e-06)

[node name="Physical Bone Left wrist" parent="Character/Physical/Armature/Skeleton3D" parent_id_path=PackedInt32Array(1735264460, 1604068801, 1172926452) index="18" unique_id=1348479620]
transform = Transform3D(0.99546456, -0.095133215, 4.4889416e-07, 0.095133215, 0.99546456, 3.291184e-06, -7.599591e-07, -3.233552e-06, 1, -0.5984024, 1.3387837, 0.02603595)
joint_offset = Transform3D(1, 0, 0, 0, 1, 0, 0, 0, 1, 0.020737046, 0.0010552539, 0.012783567)
body_offset = Transform3D(0.028611017, 0.14868228, -0.9884714, -0.9991838, -0.023963511, -0.032525536, -0.02852311, 0.98859483, 0.1478751, 0.011885986, 0.021161199, -0.002342105)

[node name="Physical Bone Left knee" parent="Character/Physical/Armature/Skeleton3D" parent_id_path=PackedInt32Array(1735264460, 1604068801, 1172926452) index="20" unique_id=764134234]
transform = Transform3D(-1, 5.8792625e-07, -2.8543631e-08, 5.2296368e-08, 0.1370422, 0.99056524, 5.862909e-07, 0.9905653, -0.1370422, -0.10225495, 0.27954948, -0.0047985576)
joint_offset = Transform3D(1, 0, 0, 0, 1, 0, 0, 0, 1, -0.020993879, 6.63665e-05, 0.21431223)
body_offset = Transform3D(1, 2.7853275e-12, -6.223331e-09, -6.2227485e-09, -7.8976154e-07, -1.0000001, -8.526513e-13, 1.0000021, -2.0712614e-06, 0.02099388, 0.21431226, -6.592274e-05)

[node name="Physical Bone IndexMetacarpals_R" parent="Character/Physical/Armature/Skeleton3D" parent_id_path=PackedInt32Array(1735264460, 1604068801, 1172926452) index="23" unique_id=1839118984]
transform = Transform3D(0.20000046, -0.02826673, -0.979388, 0.10377922, 0.99457204, -0.007512246, 0.9742842, -0.10013767, 0.20184837, 0.64445, 1.335954, 0.008000325)
joint_offset = Transform3D(1, 0, 0, 0, 1, 0, 0, 0, 1, 1.2864637e-06, 2.2268181e-05, 0.026034122)
body_offset = Transform3D(1, 4.6938658e-07, 9.536743e-07, 6.854534e-07, 1.071021e-06, -0.99999976, -5.662441e-07, 1.0000001, 9.201467e-07, -1.3113022e-06, 0.026034117, -2.2292137e-05)

[node name="Physical Bone IndexFinger2_R" parent="Character/Physical/Armature/Skeleton3D" parent_id_path=PackedInt32Array(1735264460, 1604068801, 1172926452) index="25" unique_id=861241601]
transform = Transform3D(-4.3648377e-08, -4.002159e-08, -1, -1.3746321e-06, 1, -4.002153e-08, 1, 1.3746321e-06, -4.364843e-08, 0.7213807, 1.3365693, 0.0027475997)
joint_offset = Transform3D(1, 0, 0, 0, 1, 0, 0, 0, 1, -4.0616314e-06, -6.469095e-06, 0.013311508)
body_offset = Transform3D(0.99864393, -0.052060384, -4.4698072e-07, -5.879158e-07, -1.8510953e-07, -0.99999976, 0.052060243, 0.99864405, -2.965248e-07, 3.7252903e-06, 0.013311505, 6.67572e-06)

[node name="Physical Bone Thumb2_R" parent="Character/Physical/Armature/Skeleton3D" parent_id_path=PackedInt32Array(1735264460, 1604068801, 1172926452) index="29" unique_id=1431792591]
transform = Transform3D(0.95785594, 0.28721794, 0.004244999, -0.2872482, 0.9577887, 0.011369831, -0.00080019305, -0.012110027, 0.9999263, 0.61705697, 1.3429337, -0.07154696)
joint_offset = Transform3D(1, 0, 0, 0, 1, 0, 0, 0, 1, -4.045013e-06, 4.8009297e-06, 0.01250852)
body_offset = Transform3D(0.99999917, -1.1612864e-05, 0.00085588737, 0.00085585157, -0.001984707, -0.9999978, 1.303686e-05, 0.9999982, -0.0019848896, -6.660819e-06, 0.012508504, 2.002716e-05)

[node name="Physical Bone MiddleFinger2_R" parent="Character/Physical/Armature/Skeleton3D" parent_id_path=PackedInt32Array(1735264460, 1604068801, 1172926452) index="32" unique_id=1505686976]
transform = Transform3D(-6.625967e-08, -1.8009405e-07, -1, 4.61936e-07, 1, -1.8009408e-07, 1, -4.61936e-07, -6.625959e-08, 0.7293049, 1.3366556, 0.025787069)
joint_offset = Transform3D(1, 0, 0, 0, 1, 0, 0, 0, 1, -8.846853e-06, -9.253983e-05, 0.014032732)
body_offset = Transform3D(0.9920315, -0.12599091, -4.91408e-07, -1.2547645e-07, 3.9140364e-06, -0.9999993, 0.12599076, 0.9920316, 3.7778814e-06, -2.875924e-06, 0.0140327215, 9.286404e-05)

[node name="Physical Bone RingMetacarpals_R" parent="Character/Physical/Armature/Skeleton3D" parent_id_path=PackedInt32Array(1735264460, 1604068801, 1172926452) index="34" unique_id=475740532]
transform = Transform3D(0.0006928105, -0.0070045474, -0.9999752, -0.09844431, 0.9951177, -0.007038726, 0.99514234, 0.09844676, -1.2981894e-07, 0.6440477, 1.3359666, 0.042578988)
joint_offset = Transform3D(1, 0, 0, 0, 1, 0, 0, 0, 1, 0.0062809656, 0.00063327304, 0.02810586)
body_offset = Transform3D(1.0000001, 5.3346157e-06, 1.2919539e-07, 6.195222e-09, -4.1112435e-06, -0.99999976, -5.5134296e-06, 1.0000001, -4.1962808e-06, -0.0062809736, 0.028105855, -0.00063312054)

[node name="Physical Bone RingFinger2_R" parent="Character/Physical/Armature/Skeleton3D" parent_id_path=PackedInt32Array(1735264460, 1604068801, 1172926452) index="36" unique_id=93169195]
transform = Transform3D(-4.4703796e-08, 5.574406e-09, -1, 1.0803341e-06, 1, 5.5743574e-09, 1, -1.0803341e-06, -4.4703803e-08, 0.7195773, 1.3365687, 0.048887413)
joint_offset = Transform3D(1, 0, 0, 0, 1, 0, 0, 0, 1, 4.3363657e-06, -5.7371535e-06, 0.012612285)
body_offset = Transform3D(0.996563, 0.08284173, -1.3371618e-07, -2.2625903e-07, -1.571743e-07, -0.9999998, -0.08284194, 0.9965628, -2.3841875e-07, -3.8444996e-06, 0.012612283, 6.0796738e-06)

[node name="Physical Bone LittleMetacarpals_R" parent="Character/Physical/Armature/Skeleton3D" parent_id_path=PackedInt32Array(1735264460, 1604068801, 1172926452) index="38" unique_id=1024684076]
transform = Transform3D(-0.24103466, -0.009485581, -0.9704702, -0.0053500673, 0.99995005, -0.008444933, 0.9705018, 0.003156559, -0.24107337, 0.6414426, 1.2044322, 0.06433821)
joint_offset = Transform3D(1, 0, 0, 0, 1, 0, 0, 0, 1, 0.0013405007, 0.13154422, 0.021556066)
body_offset = Transform3D(1.0000001, -3.3178367e-07, -1.3515353e-05, -1.3366342e-05, -1.9790605e-08, -0.9999997, 1.5902333e-07, 1.0000001, -5.7567377e-08, -0.0013401657, 0.02155608, -0.13154423)

[node name="Physical Bone LittleFinger2_R" parent="Character/Physical/Armature/Skeleton3D" parent_id_path=PackedInt32Array(1735264460, 1604068801, 1172926452) index="40" unique_id=1123969082]
transform = Transform3D(-5.4915205e-08, 2.5162365e-08, -1, 6.631017e-07, 1, 2.5162329e-08, 1, -6.631017e-07, -5.4915223e-08, 0.6999999, 1.3362097, 0.0720243)
joint_offset = Transform3D(1, 0, 0, 0, 1, 0, 0, 0, 1, 1.1515713e-06, 0.00035336832, 0.0040106783)
body_offset = Transform3D(0.9987359, -0.050268803, -3.760087e-07, -4.7181464e-07, -1.1983933e-07, -0.9999997, 0.050268628, 0.9987359, -2.0634123e-07, 1.6614795e-05, 0.0040106773, -0.0003529787)

[node name="Physical Bone ThumbMetacarpals_L" parent="Character/Physical/Armature/Skeleton3D" parent_id_path=PackedInt32Array(1735264460, 1604068801, 1172926452) index="46" unique_id=430974596]
transform = Transform3D(0.999962, 0.0019479083, 0.008506646, 2.682209e-07, 0.97476363, -0.22323938, -0.00872682, 0.22323087, 0.97472656, -0.616855, 1.3382201, -0.012163974)
joint_offset = Transform3D(1, 0, 0, 0, 1, 0, 0, 0, 1, 5.7462974e-05, 0.000108912805, 0.021185583)
body_offset = Transform3D(0.8800518, 0.47487795, -0.00029513985, -0.00012305658, -0.00039322674, -1.0000001, -0.47487792, 0.8800517, -0.00028771162, -9.6037984e-05, 0.021185637, -6.246567e-05)

[node name="Physical Bone Thumb1_L" parent="Character/Physical/Armature/Skeleton3D" parent_id_path=PackedInt32Array(1735264460, 1604068801, 1172926452) index="47" unique_id=1075165562]
transform = Transform3D(0.9465383, -0.32255393, 0.004919979, 0.32259026, 0.94646585, -0.01174214, -0.0008691189, 0.012701523, 0.999919, -0.6170412, 1.342924, -0.045318544)
joint_offset = Transform3D(1, 0, 0, 0, 1, 0, 0, 0, 1, 3.9953485e-07, -3.7022005e-06, 0.013751483)
body_offset = Transform3D(1.0000004, -2.3164284e-06, -1.7134938e-05, -1.707644e-05, -8.084811e-06, -1.0000001, 2.4088276e-06, 1.0000001, -8.1807375e-06, -1.6391277e-07, 0.013751484, 3.8146973e-06)

[node name="Physical Bone Thumb2_L" parent="Character/Physical/Armature/Skeleton3D" parent_id_path=PackedInt32Array(1735264460, 1604068801, 1172926452) index="48" unique_id=589589090]
transform = Transform3D(0.95786583, -0.28718433, -0.0042711515, 0.287216, 0.9577717, 0.013429762, 0.00023397067, -0.014090653, 0.9999007, -0.6170578, 1.3430238, -0.071555085)
joint_offset = Transform3D(1, 0, 0, 0, 1, 0, 0, 0, 1, -2.8187584e-05, -0.00010676252, 0.0125155)
body_offset = Transform3D(1.0000002, 3.911444e-05, -0.0002894181, -0.00028936812, -3.9190054e-06, -1, -3.8941314e-05, 1.0000001, -4.001893e-06, 3.181398e-05, 0.012515493, 0.00010681152)

[node name="Physical Bone MiddleFinger1_L" parent="Character/Physical/Armature/Skeleton3D" parent_id_path=PackedInt32Array(1735264460, 1604068801, 1172926452) index="50" unique_id=990610037]
transform = Transform3D(0.0003106179, 0.00973472, 0.99995255, 0.031804927, 0.9994467, -0.009739673, -0.99949414, 0.031806443, 8.339999e-07, -0.6948621, 1.3353617, 0.025680594)
body_offset = Transform3D(1.0000002, 3.0323863e-06, -8.7746673e-07, -9.043674e-07, 1.7297148e-06, -0.99999994, -2.8535724e-06, 1.0000002, 1.7755518e-06, 6.5814704e-05, 0.019741774, -0.0010050535)

[node name="Physical Bone MiddleFinger2_L" parent="Character/Physical/Armature/Skeleton3D" parent_id_path=PackedInt32Array(1735264460, 1604068801, 1172926452) index="51" unique_id=2059195936]
transform = Transform3D(-1.4600103e-07, 3.3290254e-07, 1, 0.12599002, 0.9920316, -3.1185513e-07, -0.9920316, 0.12599002, -1.8678001e-07, -0.72930574, 1.3365641, 0.025774833)
joint_offset = Transform3D(1, 0, 0, 0, 1, 0, 0, 0, 1, -3.641484e-06, -7.684584e-07, 0.01403362)
body_offset = Transform3D(1.0000004, 4.991889e-07, 3.9922736e-07, 3.6550077e-07, 3.739771e-06, -0.9999997, -3.2037497e-07, 1.0000004, 3.7910193e-06, 3.6358833e-06, 0.014033616, 7.1525574e-07)

[node name="Physical Bone RingFinger2_L" parent="Character/Physical/Armature/Skeleton3D" parent_id_path=PackedInt32Array(1735264460, 1604068801, 1172926452) index="55" unique_id=463895394]
transform = Transform3D(-3.1226887e-07, 4.3775248e-07, 1, -0.08284036, 0.9965629, -4.6211628e-07, -0.99656284, -0.08284037, -2.7493198e-07, -0.7195772, 1.336524, 0.04890394)
joint_offset = Transform3D(1, 0, 0, 0, 1, 0, 0, 0, 1, 8.759796e-06, 3.994231e-05, 0.012612341)
body_offset = Transform3D(1.0000004, -2.3916364e-06, 1.7275576e-07, 1.548748e-07, -6.4636845e-07, -1.0000001, 2.5331974e-06, 1.0000004, -5.736425e-07, -8.761883e-06, 0.012612343, -3.9935112e-05)

[editable path="Character"]
[editable path="Character/Pose"]
[editable path="Character/Physical"]
