[gd_scene format=3 uid="uid://cxkxoi0vgbscy"]

[ext_resource type="Script" uid="uid://34jvnjm4q6rl" path="res://Golden Trio/Player/Scripts/Player.gd" id="2_rebjx"]
[ext_resource type="PackedScene" uid="uid://dbxpilbospngo" path="res://Assets/Mesh/SherryGodotModel.blend" id="3_mqcsf"]
[ext_resource type="Script" uid="uid://bjs4cbp5dx1d3" path="res://Golden Trio/Character/Scripts/Enable_Skeleton_IK.gd" id="3_p31nf"]

[sub_resource type="CapsuleShape3D" id="CapsuleShape3D_vbank"]
radius = 0.16357422
height = 1.73

[sub_resource type="CapsuleShape3D" id="CapsuleShape3D_mqcsf"]
radius = 0.015122144
height = 0.15122144

[sub_resource type="CapsuleShape3D" id="CapsuleShape3D_p31nf"]
radius = 0.016083928
height = 0.16083927

[sub_resource type="CapsuleShape3D" id="CapsuleShape3D_62e7a"]
radius = 0.021905523
height = 0.21905522

[sub_resource type="CapsuleShape3D" id="CapsuleShape3D_shv6r"]
radius = 0.009400117
height = 0.094001174

[sub_resource type="CapsuleShape3D" id="CapsuleShape3D_atsex"]
radius = 0.012961147
height = 0.12961148

[sub_resource type="CapsuleShape3D" id="CapsuleShape3D_27mt6"]
radius = 0.013630924
height = 0.13630924

[sub_resource type="CapsuleShape3D" id="CapsuleShape3D_iodul"]
radius = 0.02515235
height = 0.2515235

[sub_resource type="CapsuleShape3D" id="CapsuleShape3D_4ha6k"]
radius = 0.018720265
height = 0.18720265

[sub_resource type="CapsuleShape3D" id="CapsuleShape3D_y0uqk"]
radius = 0.009221008
height = 0.092210084

[sub_resource type="CapsuleShape3D" id="CapsuleShape3D_vmyy6"]
radius = 0.0045570424
height = 0.045570422

[sub_resource type="CapsuleShape3D" id="CapsuleShape3D_1ruxs"]
radius = 0.0026622869
height = 0.02662287

[sub_resource type="CapsuleShape3D" id="CapsuleShape3D_qp7f3"]
radius = 0.004111373
height = 0.04111373

[sub_resource type="CapsuleShape3D" id="CapsuleShape3D_dgvwq"]
radius = 0.0027473338
height = 0.027473338

[sub_resource type="CapsuleShape3D" id="CapsuleShape3D_feabi"]
radius = 0.0052772188
height = 0.052772187

[sub_resource type="CapsuleShape3D" id="CapsuleShape3D_4rypb"]
radius = 0.0028067308
height = 0.028067308

[sub_resource type="CapsuleShape3D" id="CapsuleShape3D_2l1y2"]
radius = 0.004446625
height = 0.044466246

[sub_resource type="CapsuleShape3D" id="CapsuleShape3D_q8x4q"]
radius = 0.002522452
height = 0.02522452

[sub_resource type="CapsuleShape3D" id="CapsuleShape3D_bgij0"]
radius = 0.0033492662
height = 0.033492662

[sub_resource type="CapsuleShape3D" id="CapsuleShape3D_624g7"]
radius = 0.0024134864
height = 0.024134863

[sub_resource type="CapsuleShape3D" id="CapsuleShape3D_ufsoq"]
radius = 0.013630924
height = 0.13630924

[sub_resource type="CapsuleShape3D" id="CapsuleShape3D_ns0ce"]
radius = 0.025152352
height = 0.25152352

[sub_resource type="CapsuleShape3D" id="CapsuleShape3D_dhyhi"]
radius = 0.018720256
height = 0.18720256

[sub_resource type="CapsuleShape3D" id="CapsuleShape3D_73xt7"]
radius = 0.009221002
height = 0.092210025

[sub_resource type="CapsuleShape3D" id="CapsuleShape3D_2ig0d"]
radius = 0.0045570275
height = 0.045570273

[sub_resource type="CapsuleShape3D" id="CapsuleShape3D_e5scu"]
radius = 0.0026622876
height = 0.026622875

[sub_resource type="CapsuleShape3D" id="CapsuleShape3D_ns2a3"]
radius = 0.0041113743
height = 0.04111374

[sub_resource type="CapsuleShape3D" id="CapsuleShape3D_rgn0f"]
radius = 0.0027473338
height = 0.027473338

[sub_resource type="CapsuleShape3D" id="CapsuleShape3D_oa5a3"]
radius = 0.005277218
height = 0.05277218

[sub_resource type="CapsuleShape3D" id="CapsuleShape3D_0ymc1"]
radius = 0.0028067234
height = 0.028067233

[sub_resource type="CapsuleShape3D" id="CapsuleShape3D_1xq4e"]
radius = 0.004446609
height = 0.04446609

[sub_resource type="CapsuleShape3D" id="CapsuleShape3D_4mfp1"]
radius = 0.0025224483
height = 0.025224483

[sub_resource type="CapsuleShape3D" id="CapsuleShape3D_4bnfm"]
radius = 0.0033492637
height = 0.033492636

[sub_resource type="CapsuleShape3D" id="CapsuleShape3D_j0jhh"]
radius = 0.0024134892
height = 0.024134891

[sub_resource type="CapsuleShape3D" id="CapsuleShape3D_cvqha"]
radius = 0.042028498
height = 0.420285

[sub_resource type="CapsuleShape3D" id="CapsuleShape3D_oqw3y"]
radius = 0.04361377
height = 0.43613768

[sub_resource type="CapsuleShape3D" id="CapsuleShape3D_k6vo7"]
radius = 0.008905706
height = 0.08905706

[sub_resource type="CapsuleShape3D" id="CapsuleShape3D_0ee8v"]
radius = 0.042028505
height = 0.42028505

[sub_resource type="CapsuleShape3D" id="CapsuleShape3D_g2bvk"]
radius = 0.04361377
height = 0.4361377

[sub_resource type="CapsuleShape3D" id="CapsuleShape3D_ik2ef"]
radius = 0.008905709
height = 0.08905709

[sub_resource type="SphereShape3D" id="SphereShape3D_rwfw0"]
radius = 0.09

[sub_resource type="BoxMesh" id="BoxMesh_rwfw0"]
size = Vector3(0.025, 0.1, 0.1)

[sub_resource type="ConvexPolygonShape3D" id="ConvexPolygonShape3D_kylym"]
points = PackedVector3Array(0.1, 0, 0, 0.1, 0.1, 0, 0, 0, -0.1, 0, 0.1, -0.1, 0, 0, 0, 0, 0.1, 0)

[sub_resource type="ConvexPolygonShape3D" id="ConvexPolygonShape3D_5tqhk"]
points = PackedVector3Array(0, 0, 0, 0.1, 0, 0, 0, 0.1, 0, 0.1, 0.1, 0)

[sub_resource type="ConvexPolygonShape3D" id="ConvexPolygonShape3D_swpol"]
points = PackedVector3Array(0, 0, -0.1, 0, 0.1, -0.1, 0, 0, 0, 0, 0.1, 0)

[sub_resource type="ConvexPolygonShape3D" id="ConvexPolygonShape3D_rebjx"]
points = PackedVector3Array(0, 0, 0, 0, 0.1, 0, -0.1, 0, 0, -0.1, 0.1, 0, 0, 0, -0.1, 0, 0.1, -0.1)

[sub_resource type="ConvexPolygonShape3D" id="ConvexPolygonShape3D_64nim"]
points = PackedVector3Array(0, 0, 0, -0.1, 0, 0, 0, 0.1, 0, -0.1, 0.1, 0)

[sub_resource type="ConvexPolygonShape3D" id="ConvexPolygonShape3D_qiemt"]
points = PackedVector3Array(0, 0, -0.1, 0, 0.1, -0.1, 0, 0, 0, 0, 0.1, 0)

[node name="PlayerRoot" type="Node3D" unique_id=1128502710]
script = ExtResource("2_rebjx")

[node name="CharacterBody" type="RigidBody3D" parent="." unique_id=1899563998]
axis_lock_angular_x = true
axis_lock_angular_y = true
axis_lock_angular_z = true
mass = 4.0
contact_monitor = true
max_contacts_reported = 4

[node name="CollisionShape3D" type="CollisionShape3D" parent="CharacterBody" unique_id=1757023024]
transform = Transform3D(1, 0, 0, 0, 1, 0, 0, 0, 1, 0, 0.86902165, 0)
shape = SubResource("CapsuleShape3D_vbank")

[node name="SherryGodotModel" type="Node3D" parent="CharacterBody/CollisionShape3D" unique_id=295315918]
transform = Transform3D(1, 0, 0, 0, 1, 0, 0, 0, 1, 0, -0.869, -0.31037748)

[node name="Pose" parent="CharacterBody/CollisionShape3D/SherryGodotModel" unique_id=320930103 instance=ExtResource("3_mqcsf")]

[node name="Hand_L_IK" type="SkeletonIK3D" parent="CharacterBody/CollisionShape3D/SherryGodotModel/Pose/Armature/Skeleton3D" parent_id_path=PackedInt32Array(320930103, 1907706488) index="0" unique_id=298801943]
root_bone = &"Left arm"
tip_bone = &"Left wrist"
use_magnet = true
magnet = Vector3(0, 0, 10)
target_node = NodePath("../../../../../../XROrigin3D/LeftController/FullBodyHandPosition_L")
script = ExtResource("3_p31nf")

[node name="Hand_R_IK" type="SkeletonIK3D" parent="CharacterBody/CollisionShape3D/SherryGodotModel/Pose/Armature/Skeleton3D" parent_id_path=PackedInt32Array(320930103, 1907706488) index="1" unique_id=1352898790]
root_bone = &"Right arm"
tip_bone = &"Right wrist"
use_magnet = true
magnet = Vector3(0, 0, 10)
target_node = NodePath("../../../../../../XROrigin3D/RightController/FullBodyHandPosition_R")
script = ExtResource("3_p31nf")

[node name="Foot_L_IK" type="SkeletonIK3D" parent="CharacterBody/CollisionShape3D/SherryGodotModel/Pose/Armature/Skeleton3D" parent_id_path=PackedInt32Array(320930103, 1907706488) index="2" unique_id=918189357]
root_bone = &"Left leg"
tip_bone = &"Left ankle"
use_magnet = true
magnet = Vector3(0, 0, -10)
target_node = NodePath("../../../../../../XROrigin3D/FullBodyFootPosition_L")
script = ExtResource("3_p31nf")

[node name="Foot_R_IK" type="SkeletonIK3D" parent="CharacterBody/CollisionShape3D/SherryGodotModel/Pose/Armature/Skeleton3D" parent_id_path=PackedInt32Array(320930103, 1907706488) index="3" unique_id=1411314993]
root_bone = &"Right leg"
tip_bone = &"Right ankle"
use_magnet = true
magnet = Vector3(0, 0, -10)
target_node = NodePath("../../../../../../XROrigin3D/FullBodyFootPosition_R")
script = ExtResource("3_p31nf")

[node name="Sherry" parent="CharacterBody/CollisionShape3D/SherryGodotModel/Pose/Armature/Skeleton3D" parent_id_path=PackedInt32Array(320930103, 1907706488) index="4" unique_id=774622123]
visible = false

[node name="Ragdoll" parent="CharacterBody/CollisionShape3D/SherryGodotModel" unique_id=1626320784 instance=ExtResource("3_mqcsf")]

[node name="Physical Bone Hips" type="PhysicalBone3D" parent="CharacterBody/CollisionShape3D/SherryGodotModel/Ragdoll/Armature/Skeleton3D" parent_id_path=PackedInt32Array(1626320784, 1907706488) index="1" unique_id=1240308216]
transform = Transform3D(-1, -6.291619e-07, -1.7377724e-08, 1.1303201e-07, -0.15235692, -0.9883256, 6.191691e-07, -0.98832554, 0.15235694, 2.6880083e-09, 0.91285735, -0.0011303127)
joint_offset = Transform3D(1, 0, 0, 0, 1, 0, 0, 0, 1, -2.0112707e-09, -2.585885e-07, 0.07561198)
body_offset = Transform3D(1, -2.3874236e-12, 5.186962e-12, 5.1798565e-12, -5.364418e-07, -1.0000004, 2.444267e-12, 1, -5.2154064e-07, 2.0108786e-09, 0.07561201, 2.9802322e-07)
bone_name = "Hips"

[node name="CollisionShape3D" type="CollisionShape3D" parent="CharacterBody/CollisionShape3D/SherryGodotModel/Ragdoll/Armature/Skeleton3D/Physical Bone Hips" unique_id=1111933042]
transform = Transform3D(1, 0, 0, 0, 0, 1, 0, -1, 0, 0, 0, 0)
shape = SubResource("CapsuleShape3D_mqcsf")

[node name="Physical Bone Spine" type="PhysicalBone3D" parent="CharacterBody/CollisionShape3D/SherryGodotModel/Ragdoll/Armature/Skeleton3D" parent_id_path=PackedInt32Array(1626320784, 1907706488) index="2" unique_id=697768517]
transform = Transform3D(-1, -6.3772825e-07, 1.0200505e-08, 9.768357e-09, -0.031304654, -0.99950993, 6.3773496e-07, -0.9995099, 0.031304657, -1.0031975e-12, 1.0679655, -0.01516363)
joint_type = 1
joint_offset = Transform3D(1, 0, 0, 0, 1, 0, 0, 0, 1, -5.1955427e-09, 3.5249059e-06, 0.08042077)
body_offset = Transform3D(1, 9.038104e-12, -2.0783375e-13, -2.5224267e-13, 3.2782555e-07, -1.0000002, -9.038104e-12, 1, 2.682209e-07, 5.1955595e-09, 0.08042079, -3.5464764e-06)
bone_name = "Spine"
joint_constraints/bias = 0.3
joint_constraints/damping = 1.0
joint_constraints/impulse_clamp = 0.0

[node name="CollisionShape3D" type="CollisionShape3D" parent="CharacterBody/CollisionShape3D/SherryGodotModel/Ragdoll/Armature/Skeleton3D/Physical Bone Spine" unique_id=579660173]
transform = Transform3D(1, 0, 0, 0, 0, 1, 0, -1, 0, 0, 0, 0)
shape = SubResource("CapsuleShape3D_p31nf")

[node name="Physical Bone Chest" type="PhysicalBone3D" parent="CharacterBody/CollisionShape3D/SherryGodotModel/Ragdoll/Armature/Skeleton3D" parent_id_path=PackedInt32Array(1626320784, 1907706488) index="3" unique_id=1635491739]
transform = Transform3D(1, 2.1920926e-07, 5.7499348e-09, 4.6899203e-08, -0.18818548, -0.9821335, -2.142107e-07, 0.9821335, -0.18818548, 1.08149045e-11, 1.2559156, 0.002925098)
joint_type = 1
joint_offset = Transform3D(1, 0, 0, 0, 1, 0, 0, 0, 1, 3.731009e-09, 1.7792918e-06, 0.10952762)
body_offset = Transform3D(-1, 4.1476582e-07, 1.2744366e-09, 7.1054274e-15, 0.0030724704, -0.9999954, -4.1476773e-07, -0.99999523, -0.0030726194, 3.590685e-09, 0.10952711, 0.00033831596)
bone_name = "Chest"
joint_constraints/bias = 0.3
joint_constraints/damping = 1.0
joint_constraints/impulse_clamp = 0.0

[node name="CollisionShape3D" type="CollisionShape3D" parent="CharacterBody/CollisionShape3D/SherryGodotModel/Ragdoll/Armature/Skeleton3D/Physical Bone Chest" unique_id=1171000849]
transform = Transform3D(1, 0, 0, 0, 0, 1, 0, -1, 0, 0, 0, 0)
shape = SubResource("CapsuleShape3D_62e7a")

[node name="Physical Bone Neck" type="PhysicalBone3D" parent="CharacterBody/CollisionShape3D/SherryGodotModel/Ragdoll/Armature/Skeleton3D" parent_id_path=PackedInt32Array(1626320784, 1907706488) index="4" unique_id=1475456640]
transform = Transform3D(-1, -4.9469304e-07, 1.04850855e-07, -1.06864164e-07, 0.0040715784, -0.9999918, 4.9426205e-07, -0.9999917, -0.0040715784, -6.9055495e-10, 1.4109111, 0.02233398)
joint_type = 1
joint_offset = Transform3D(1, 0, 0, 0, 1, 0, 0, 0, 1, 1.860341e-09, -0.0013974854, 0.047419894)
body_offset = Transform3D(1, 5.684342e-14, 4.3742787e-14, -2.9087843e-14, 0, -1.0000002, 0, 1.0000001, -1.0477379e-07, -1.860343e-09, 0.047419906, 0.0013974905)
bone_name = "Neck"
joint_constraints/bias = 0.3
joint_constraints/damping = 1.0
joint_constraints/impulse_clamp = 0.0

[node name="CollisionShape3D" type="CollisionShape3D" parent="CharacterBody/CollisionShape3D/SherryGodotModel/Ragdoll/Armature/Skeleton3D/Physical Bone Neck" unique_id=1773052815]
transform = Transform3D(1, 0, 0, 0, 0, 1, 0, -1, 0, 0, 0, 0)
shape = SubResource("CapsuleShape3D_shv6r")

[node name="Physical Bone Head" type="PhysicalBone3D" parent="CharacterBody/CollisionShape3D/SherryGodotModel/Ragdoll/Armature/Skeleton3D" parent_id_path=PackedInt32Array(1626320784, 1907706488) index="5" unique_id=220929479]
transform = Transform3D(0.88879895, 0.2971754, 0.34888858, -1.5539472e-08, 0.76127124, -0.6484336, -0.4582973, 0.57632715, 0.6766171, -0.02281626, 1.4996285, -0.019681096)
joint_type = 1
joint_offset = Transform3D(1, 0, 0, 0, 1, 0, 0, 0, 1, 0.00029626302, -0.00017219782, 0.06478889)
body_offset = Transform3D(-0.88879913, -0.29717517, -0.34888828, 3.9555914e-11, 0.76127124, -0.6484336, 0.45829698, -0.5763272, -0.67661715, 0.022816235, 0.04214239, 0.043602258)
bone_name = "Head"
joint_constraints/bias = 0.3
joint_constraints/damping = 1.0
joint_constraints/impulse_clamp = 0.0

[node name="CollisionShape3D" type="CollisionShape3D" parent="CharacterBody/CollisionShape3D/SherryGodotModel/Ragdoll/Armature/Skeleton3D/Physical Bone Head" unique_id=115291460]
transform = Transform3D(1, 0, 0, 0, 0, 1, 0, -1, 0, 0, 0, 0)
shape = SubResource("CapsuleShape3D_atsex")

[node name="Physical Bone Left shoulder" type="PhysicalBone3D" parent="CharacterBody/CollisionShape3D/SherryGodotModel/Ragdoll/Armature/Skeleton3D" parent_id_path=PackedInt32Array(1626320784, 1907706488) index="6" unique_id=614346155]
transform = Transform3D(-0.12383438, 0.033680625, 0.9917312, 0.0965409, 0.99509156, -0.02173999, -0.98759556, 0.09305045, -0.12647812, -0.07279783, 1.3332877, 0.013731182)
joint_type = 1
joint_offset = Transform3D(1, 0, 0, 0, 1, 0, 0, 0, 1, -2.423856e-05, -5.5390803e-05, 0.068139344)
body_offset = Transform3D(1.0000002, 2.2351742e-07, 5.736947e-07, 5.1409006e-07, -6.388873e-07, -1.0000002, -7.4505806e-08, 1.0000002, -6.0908496e-07, 2.4199486e-05, 0.06813936, 5.543232e-05)
bone_name = "Left shoulder"
joint_constraints/bias = 0.3
joint_constraints/damping = 1.0
joint_constraints/impulse_clamp = 0.0

[node name="CollisionShape3D" type="CollisionShape3D" parent="CharacterBody/CollisionShape3D/SherryGodotModel/Ragdoll/Armature/Skeleton3D/Physical Bone Left shoulder" unique_id=1432887874]
transform = Transform3D(1, 0, 0, 0, 0, 1, 0, -1, 0, 0, 0, 0)
shape = SubResource("CapsuleShape3D_27mt6")

[node name="Physical Bone Left arm" type="PhysicalBone3D" parent="CharacterBody/CollisionShape3D/SherryGodotModel/Ragdoll/Armature/Skeleton3D" parent_id_path=PackedInt32Array(1626320784, 1907706488) index="7" unique_id=702062890]
transform = Transform3D(-0.092438556, 0.0130862575, 0.9956324, 0.014358909, 0.99982715, -0.011808254, -0.9956148, 0.0132046575, -0.09261049, -0.26564395, 1.3361881, 0.034017622)
joint_type = 1
joint_offset = Transform3D(1, 0, 0, 0, 1, 0, 0, 0, 1, -3.6566912e-06, 9.65005e-06, 0.12579001)
body_offset = Transform3D(1.0000001, 1.4062971e-07, 4.0233135e-07, 3.427267e-07, 1.9115396e-06, -1.0000001, -1.21071935e-08, 1.0000002, 1.9422732e-06, 3.606081e-06, 0.12579003, -9.894371e-06)
bone_name = "Left arm"
joint_constraints/bias = 0.3
joint_constraints/damping = 1.0
joint_constraints/impulse_clamp = 0.0

[node name="CollisionShape3D" type="CollisionShape3D" parent="CharacterBody/CollisionShape3D/SherryGodotModel/Ragdoll/Armature/Skeleton3D/Physical Bone Left arm" unique_id=51843912]
transform = Transform3D(1, 0, 0, 0, 0, 1, 0, -1, 0, 0, 0, 0)
shape = SubResource("CapsuleShape3D_iodul")

[node name="Physical Bone Left elbow" type="PhysicalBone3D" parent="CharacterBody/CollisionShape3D/SherryGodotModel/Ragdoll/Armature/Skeleton3D" parent_id_path=PackedInt32Array(1626320784, 1907706488) index="8" unique_id=293595123]
transform = Transform3D(0.038462844, 0.018516403, 0.99908847, 0.09303536, 0.99541914, -0.022030065, -0.9949196, 0.09379791, 0.036563966, -0.48442408, 1.3398423, 0.04224494)
joint_type = 1
joint_offset = Transform3D(1, 0, 0, 0, 1, 0, 0, 0, 1, -4.1235844e-06, -9.552242e-05, 0.09368357)
body_offset = Transform3D(1.0000001, -2.2426248e-06, 6.157905e-06, 6.135553e-06, -8.9989044e-07, -1, 2.3916364e-06, 1.0000004, -8.9011155e-07, 3.5464764e-06, 0.09368357, 9.560585e-05)
bone_name = "Left elbow"
joint_constraints/bias = 0.3
joint_constraints/damping = 1.0
joint_constraints/impulse_clamp = 0.0

[node name="CollisionShape3D" type="CollisionShape3D" parent="CharacterBody/CollisionShape3D/SherryGodotModel/Ragdoll/Armature/Skeleton3D/Physical Bone Left elbow" unique_id=1541695991]
transform = Transform3D(1, 0, 0, 0, 0, 1, 0, -1, 0, 0, 0, 0)
shape = SubResource("CapsuleShape3D_4ha6k")

[node name="Physical Bone Left wrist" type="PhysicalBone3D" parent="CharacterBody/CollisionShape3D/SherryGodotModel/Ragdoll/Armature/Skeleton3D" parent_id_path=PackedInt32Array(1626320784, 1907706488) index="9" unique_id=1406826601]
transform = Transform3D(-0.12202131, -0.37742046, 0.9179677, 0.98503083, -0.15950927, 0.06535381, 0.1217585, 0.912201, 0.39123428, -0.6201838, 1.3387938, 0.020780772)
joint_type = 1
joint_offset = Transform3D(1, 0, 0, 0, 1, 0, 0, 0, 1, 7.962808e-08, 3.369014e-07, 0.046106398)
body_offset = Transform3D(0.026366122, -0.931138, -0.36371338, -9.2666596e-08, 0.36383983, -0.93146163, 0.99965256, 0.02455888, 0.00959298, 0.016769826, 0.04294622, -0.00044238567)
bone_name = "Left wrist"
joint_constraints/bias = 0.3
joint_constraints/damping = 1.0
joint_constraints/impulse_clamp = 0.0

[node name="CollisionShape3D" type="CollisionShape3D" parent="CharacterBody/CollisionShape3D/SherryGodotModel/Ragdoll/Armature/Skeleton3D/Physical Bone Left wrist" unique_id=475872062]
transform = Transform3D(1, 0, 0, 0, 0, 1, 0, -1, 0, 0, 0, 0)
shape = SubResource("CapsuleShape3D_y0uqk")

[node name="Physical Bone IndexFinger1_L" type="PhysicalBone3D" parent="CharacterBody/CollisionShape3D/SherryGodotModel/Ragdoll/Armature/Skeleton3D" parent_id_path=PackedInt32Array(1626320784, 1907706488) index="10" unique_id=324791967]
transform = Transform3D(-0.0010624398, 0.0102175325, 0.9999473, -0.10267911, 0.9946615, -0.010272618, -0.99471396, -0.10268461, -7.640733e-06, -0.69268936, 1.3364043, 0.0027556717)
joint_type = 1
joint_offset = Transform3D(1, 0, 0, 0, 1, 0, 0, 0, 1, 1.16370675e-05, 2.4543272e-06, 0.022739112)
body_offset = Transform3D(1, -5.2154064e-07, 8.551573e-06, 8.586481e-06, -8.405098e-06, -1, 7.003546e-07, 1.0000002, -8.327469e-06, -1.1831522e-05, 0.022739112, -2.2649765e-06)
bone_name = "IndexFinger1_L"
joint_constraints/bias = 0.3
joint_constraints/damping = 1.0
joint_constraints/impulse_clamp = 0.0

[node name="CollisionShape3D" type="CollisionShape3D" parent="CharacterBody/CollisionShape3D/SherryGodotModel/Ragdoll/Armature/Skeleton3D/Physical Bone IndexFinger1_L" unique_id=1284751504]
transform = Transform3D(1, 0, 0, 0, 0, 1, 0, -1, 0, 0, 0, 0)
shape = SubResource("CapsuleShape3D_vmyy6")

[node name="Physical Bone IndexFinger2_L" type="PhysicalBone3D" parent="CharacterBody/CollisionShape3D/SherryGodotModel/Ragdoll/Armature/Skeleton3D" parent_id_path=PackedInt32Array(1626320784, 1907706488) index="11" unique_id=363988010]
transform = Transform3D(7.5848064e-08, 9.706206e-07, 1, 0.052061353, 0.99864393, -9.73253e-07, -0.99864393, 0.052061353, 2.5213385e-08, -0.7213806, 1.3367436, 0.0027655065)
joint_type = 1
joint_offset = Transform3D(1, 0, 0, 0, 1, 0, 0, 0, 1, 1.242633e-05, -0.00018130282, 0.013311386)
body_offset = Transform3D(1, 4.209578e-07, 9.882312e-08, 1.1903123e-07, -1.1727175e-06, -1, -2.0489097e-07, 1.0000002, -1.0860417e-06, -1.2427568e-05, 0.013311386, 0.00018131733)
bone_name = "IndexFinger2_L"
joint_constraints/bias = 0.3
joint_constraints/damping = 1.0
joint_constraints/impulse_clamp = 0.0

[node name="CollisionShape3D" type="CollisionShape3D" parent="CharacterBody/CollisionShape3D/SherryGodotModel/Ragdoll/Armature/Skeleton3D/Physical Bone IndexFinger2_L" unique_id=1732721329]
transform = Transform3D(1, 0, 0, 0, 0, 1, 0, -1, 0, 0, 0, 0)
shape = SubResource("CapsuleShape3D_1ruxs")

[node name="Physical Bone Thumb0_L" type="PhysicalBone3D" parent="CharacterBody/CollisionShape3D/SherryGodotModel/Ragdoll/Armature/Skeleton3D" parent_id_path=PackedInt32Array(1626320784, 1907706488) index="12" unique_id=11392893]
transform = Transform3D(1, 8.828907e-07, 1.9073498e-06, 1.9073484e-06, 1.5944238e-06, -1, -8.828937e-07, 1, 1.5944221e-06, -8.7581575e-06, 0.020599604, -6.198883e-06)
joint_type = 1
joint_offset = Transform3D(1, 0, 0, 0, 1, 0, 0, 0, 1, 8.718862e-06, 6.166046e-06, 0.020599604)
body_offset = Transform3D(1, 8.828907e-07, 1.9073498e-06, 1.9073484e-06, 1.5944238e-06, -1, -8.828937e-07, 1, 1.5944221e-06, -8.7581575e-06, 0.020599604, -6.198883e-06)
bone_name = "Thumb0_L"
joint_constraints/bias = 0.3
joint_constraints/damping = 1.0
joint_constraints/impulse_clamp = 0.0

[node name="CollisionShape3D" type="CollisionShape3D" parent="CharacterBody/CollisionShape3D/SherryGodotModel/Ragdoll/Armature/Skeleton3D/Physical Bone Thumb0_L" unique_id=123721888]
transform = Transform3D(1, 0, 0, 0, 0, 1, 0, -1, 0, 0, 0, 0)
shape = SubResource("CapsuleShape3D_qp7f3")

[node name="Physical Bone Thumb1_L" type="PhysicalBone3D" parent="CharacterBody/CollisionShape3D/SherryGodotModel/Ragdoll/Armature/Skeleton3D" parent_id_path=PackedInt32Array(1626320784, 1907706488) index="13" unique_id=1950810788]
transform = Transform3D(0.94653463, -0.32256472, 0.004927993, 0.32260117, 0.9464624, -0.011724953, -0.0008821038, 0.012687849, 0.9999191, -0.6170422, 1.3429284, -0.045264095)
joint_type = 1
joint_offset = Transform3D(1, 0, 0, 0, 1, 0, 0, 0, 1, -2.2839151e-07, -9.01607e-06, 0.013697086)
body_offset = Transform3D(1.0000004, -1.3629192e-05, -4.0047453e-06, -3.9465376e-06, 5.600974e-06, -1.0000001, 1.3747699e-05, 1.0000001, 5.503185e-06, 2.8312206e-07, 0.013697088, 8.940697e-06)
bone_name = "Thumb1_L"
joint_constraints/bias = 0.3
joint_constraints/damping = 1.0
joint_constraints/impulse_clamp = 0.0

[node name="CollisionShape3D" type="CollisionShape3D" parent="CharacterBody/CollisionShape3D/SherryGodotModel/Ragdoll/Armature/Skeleton3D/Physical Bone Thumb1_L" unique_id=809627006]
transform = Transform3D(1, 0, 0, 0, 0, 1, 0, -1, 0, 0, 0, 0)
shape = SubResource("CapsuleShape3D_dgvwq")

[node name="Physical Bone MiddleFinger1_L" type="PhysicalBone3D" parent="CharacterBody/CollisionShape3D/SherryGodotModel/Ragdoll/Armature/Skeleton3D" parent_id_path=PackedInt32Array(1626320784, 1907706488) index="14" unique_id=122352289]
transform = Transform3D(0.00031052975, 0.00974115, 0.99995255, 0.03179878, 0.9994468, -0.009746099, -0.9994943, 0.031800296, 6.012835e-07, -0.7017108, 1.3364358, 0.025690705)
joint_type = 1
joint_offset = Transform3D(1, 0, 0, 0, 1, 0, 0, 0, 1, -8.774521e-05, -1.7843324e-06, 0.026600603)
body_offset = Transform3D(1.0000002, 9.182841e-06, -8.4929314e-07, -8.7607856e-07, -4.6982746e-06, -0.9999999, -9.004027e-06, 1.0000002, -4.6542505e-06, 8.776784e-05, 0.0266006, 1.9073486e-06)
bone_name = "MiddleFinger1_L"
joint_constraints/bias = 0.3
joint_constraints/damping = 1.0
joint_constraints/impulse_clamp = 0.0

[node name="CollisionShape3D" type="CollisionShape3D" parent="CharacterBody/CollisionShape3D/SherryGodotModel/Ragdoll/Armature/Skeleton3D/Physical Bone MiddleFinger1_L" unique_id=1382142826]
transform = Transform3D(1, 0, 0, 0, 0, 1, 0, -1, 0, 0, 0, 0)
shape = SubResource("CapsuleShape3D_feabi")

[node name="Physical Bone MiddleFinger2_L" type="PhysicalBone3D" parent="CharacterBody/CollisionShape3D/SherryGodotModel/Ragdoll/Armature/Skeleton3D" parent_id_path=PackedInt32Array(1626320784, 1907706488) index="15" unique_id=120081318]
transform = Transform3D(2.3740554e-07, 4.825494e-06, 1, 0.12599033, 0.9920315, -4.8169527e-06, -0.9920315, 0.12599033, -3.7245178e-07, -0.72930586, 1.3366206, 0.025410563)
joint_type = 1
joint_offset = Transform3D(1, 0, 0, 0, 1, 0, 0, 0, 1, -0.00037211188, -1.0838196e-05, 0.014033739)
body_offset = Transform3D(1.0000004, 1.7881393e-07, 1.5819921e-08, -1.7904398e-08, -7.528194e-07, -0.9999997, 0, 1.0000004, -7.0157324e-07, 0.0003721118, 0.014033735, 1.0848045e-05)
bone_name = "MiddleFinger2_L"
joint_constraints/bias = 0.3
joint_constraints/damping = 1.0
joint_constraints/impulse_clamp = 0.0

[node name="CollisionShape3D" type="CollisionShape3D" parent="CharacterBody/CollisionShape3D/SherryGodotModel/Ragdoll/Armature/Skeleton3D/Physical Bone MiddleFinger2_L" unique_id=920528922]
transform = Transform3D(1, 0, 0, 0, 0, 1, 0, -1, 0, 0, 0, 0)
shape = SubResource("CapsuleShape3D_4rypb")

[node name="Physical Bone RingFinger1_L" type="PhysicalBone3D" parent="CharacterBody/CollisionShape3D/SherryGodotModel/Ragdoll/Armature/Skeleton3D" parent_id_path=PackedInt32Array(1626320784, 1907706488) index="16" unique_id=1135114338]
transform = Transform3D(0.0010778443, 0.0109910695, 0.999939, 0.098435916, 0.99508214, -0.011043789, -0.9951429, 0.09844181, -9.372307e-06, -0.69376576, 1.3364267, 0.048884362)
joint_type = 1
joint_offset = Transform3D(1, 0, 0, 0, 1, 0, 0, 0, 1, -8.651874e-06, -8.7911185e-06, 0.022210533)
body_offset = Transform3D(1.0000004, -5.8859587e-07, 9.806768e-06, 9.778214e-06, 3.936783e-06, -1.0000002, 7.599592e-07, 1.0000004, 4.000351e-06, 8.434057e-06, 0.022210538, 8.702278e-06)
bone_name = "RingFinger1_L"
joint_constraints/bias = 0.3
joint_constraints/damping = 1.0
joint_constraints/impulse_clamp = 0.0

[node name="CollisionShape3D" type="CollisionShape3D" parent="CharacterBody/CollisionShape3D/SherryGodotModel/Ragdoll/Armature/Skeleton3D/Physical Bone RingFinger1_L" unique_id=417231243]
transform = Transform3D(1, 0, 0, 0, 0, 1, 0, -1, 0, 0, 0, 0)
shape = SubResource("CapsuleShape3D_2l1y2")

[node name="Physical Bone RingFinger2_L" type="PhysicalBone3D" parent="CharacterBody/CollisionShape3D/SherryGodotModel/Ragdoll/Armature/Skeleton3D" parent_id_path=PackedInt32Array(1626320784, 1907706488) index="17" unique_id=722825636]
transform = Transform3D(1.0291726e-07, 5.816431e-07, 1, -0.082843, 0.9965626, -5.711178e-07, -0.9965626, -0.082843, 1.5074856e-07, -0.719577, 1.3365631, 0.048891902)
joint_type = 1
joint_offset = Transform3D(1, 0, 0, 0, 1, 0, 0, 0, 1, 3.057585e-09, 9.049654e-09, 0.012612162)
body_offset = Transform3D(1.0000004, 2.5331974e-07, -2.4243172e-07, -2.6031086e-07, -7.9025966e-07, -1.0000001, -1.1175871e-07, 1.0000004, -7.175342e-07, 0, 0.012612164, 0)
bone_name = "RingFinger2_L"
joint_constraints/bias = 0.3
joint_constraints/damping = 1.0
joint_constraints/impulse_clamp = 0.0

[node name="CollisionShape3D" type="CollisionShape3D" parent="CharacterBody/CollisionShape3D/SherryGodotModel/Ragdoll/Armature/Skeleton3D/Physical Bone RingFinger2_L" unique_id=1898054260]
transform = Transform3D(1, 0, 0, 0, 0, 1, 0, -1, 0, 0, 0, 0)
shape = SubResource("CapsuleShape3D_q8x4q")

[node name="Physical Bone LittleFinger1_L" type="PhysicalBone3D" parent="CharacterBody/CollisionShape3D/SherryGodotModel/Ragdoll/Armature/Skeleton3D" parent_id_path=PackedInt32Array(1626320784, 1907706488) index="18" unique_id=633403534]
transform = Transform3D(4.7430938e-05, 0.012195194, 0.9999257, 0.0038984441, 0.99991804, -0.012195286, -0.99999243, 0.0038987326, -1.1523208e-07, -0.6807229, 1.3364251, 0.071997195)
joint_type = 1
joint_offset = Transform3D(1, 0, 0, 0, 1, 0, 0, 0, 1, -2.8564247e-05, -4.8287508e-05, 0.016813274)
body_offset = Transform3D(1.0000004, -1.314329e-06, -7.9236905e-08, -1.5589282e-07, 3.9687515e-07, -1.0000002, 1.4884863e-06, 1.0000004, 4.6428087e-07, 2.8565526e-05, 0.016813278, 4.8279762e-05)
bone_name = "LittleFinger1_L"
joint_constraints/bias = 0.3
joint_constraints/damping = 1.0
joint_constraints/impulse_clamp = 0.0

[node name="CollisionShape3D" type="CollisionShape3D" parent="CharacterBody/CollisionShape3D/SherryGodotModel/Ragdoll/Armature/Skeleton3D/Physical Bone LittleFinger1_L" unique_id=78638115]
transform = Transform3D(1, 0, 0, 0, 0, 1, 0, -1, 0, 0, 0, 0)
shape = SubResource("CapsuleShape3D_bgij0")

[node name="Physical Bone LittleFinger2_L" type="PhysicalBone3D" parent="CharacterBody/CollisionShape3D/SherryGodotModel/Ragdoll/Armature/Skeleton3D" parent_id_path=PackedInt32Array(1626320784, 1907706488) index="19" unique_id=1654941754]
transform = Transform3D(3.41177e-07, 2.4007277e-06, 1, 0.050269485, 0.9987357, -2.414843e-06, -0.9987357, 0.050269485, 2.2006232e-07, -0.7080565, 1.3365629, 0.07202557)
joint_type = 1
joint_offset = Transform3D(1, 0, 0, 0, 1, 0, 0, 0, 1, 3.6012713e-09, 3.036929e-08, 0.012067376)
body_offset = Transform3D(1.0000005, -1.296401e-06, -2.984272e-07, -3.8052576e-07, -2.5860613e-06, -1.0000001, 1.4714897e-06, 1.0000004, -2.5166455e-06, 0, 0.012067378, 0)
bone_name = "LittleFinger2_L"
joint_constraints/bias = 0.3
joint_constraints/damping = 1.0
joint_constraints/impulse_clamp = 0.0

[node name="CollisionShape3D" type="CollisionShape3D" parent="CharacterBody/CollisionShape3D/SherryGodotModel/Ragdoll/Armature/Skeleton3D/Physical Bone LittleFinger2_L" unique_id=1749192233]
transform = Transform3D(1, 0, 0, 0, 0, 1, 0, -1, 0, 0, 0, 0)
shape = SubResource("CapsuleShape3D_624g7")

[node name="Physical Bone Right shoulder" type="PhysicalBone3D" parent="CharacterBody/CollisionShape3D/SherryGodotModel/Ragdoll/Armature/Skeleton3D" parent_id_path=PackedInt32Array(1626320784, 1907706488) index="20" unique_id=763067648]
transform = Transform3D(-0.12383365, -0.033680663, -0.9917312, -0.0965416, 0.99509156, -0.021740003, 0.98759556, 0.09305118, -0.12647739, 0.07281147, 1.3332348, 0.013751358)
joint_type = 1
joint_offset = Transform3D(1, 0, 0, 0, 1, 0, 0, 0, 1, 8.6934756e-07, -4.009064e-06, 0.06815427)
body_offset = Transform3D(1, 5.811453e-07, -7.4505806e-08, -1.7881393e-07, -5.6345016e-07, -0.9999999, -7.599592e-07, 1.0000001, -6.4633787e-07, -8.6426735e-07, 0.06815426, 4.053116e-06)
bone_name = "Right shoulder"
joint_constraints/bias = 0.3
joint_constraints/damping = 1.0
joint_constraints/impulse_clamp = 0.0

[node name="CollisionShape3D" type="CollisionShape3D" parent="CharacterBody/CollisionShape3D/SherryGodotModel/Ragdoll/Armature/Skeleton3D/Physical Bone Right shoulder" unique_id=313040086]
transform = Transform3D(1, 0, 0, 0, 0, 1, 0, -1, 0, 0, 0, 0)
shape = SubResource("CapsuleShape3D_ufsoq")

[node name="Physical Bone Right arm" type="PhysicalBone3D" parent="CharacterBody/CollisionShape3D/SherryGodotModel/Ragdoll/Armature/Skeleton3D" parent_id_path=PackedInt32Array(1626320784, 1907706488) index="21" unique_id=1322204744]
transform = Transform3D(-0.09243139, -0.013093225, -0.995633, -0.014355704, 0.9998272, -0.011815643, 0.9956156, 0.013200877, -0.09260337, 0.26561517, 1.3812335, 0.03401822)
joint_type = 1
joint_offset = Transform3D(1, 0, 0, 0, 1, 0, 0, 0, 1, 0.0006461123, -0.0450274, 0.12629361)
body_offset = Transform3D(1, -3.22517e-06, 6.6533685e-06, 6.5416098e-06, -5.3482363e-06, -0.9999999, 3.0826777e-06, 1.0000001, -5.4402044e-06, -0.0006470978, 0.12629336, 0.04502809)
bone_name = "Right arm"
joint_constraints/bias = 0.3
joint_constraints/damping = 1.0
joint_constraints/impulse_clamp = 0.0

[node name="CollisionShape3D" type="CollisionShape3D" parent="CharacterBody/CollisionShape3D/SherryGodotModel/Ragdoll/Armature/Skeleton3D/Physical Bone Right arm" unique_id=866893811]
transform = Transform3D(1, 0, 0, 0, 0, 1, 0, -1, 0, 0, 0, 0)
shape = SubResource("CapsuleShape3D_ns0ce")

[node name="Physical Bone Right elbow" type="PhysicalBone3D" parent="CharacterBody/CollisionShape3D/SherryGodotModel/Ragdoll/Armature/Skeleton3D" parent_id_path=PackedInt32Array(1626320784, 1907706488) index="22" unique_id=412445463]
transform = Transform3D(0.038463093, -0.0185155, -0.99908847, -0.09303374, 0.9954192, -0.02202913, 0.9949198, 0.09379624, 0.036564335, 0.48434308, 1.3397529, 0.042245656)
joint_type = 1
joint_offset = Transform3D(1, 0, 0, 0, 1, 0, 0, 0, 1, -1.8761192e-06, -8.459522e-06, 0.09360054)
body_offset = Transform3D(0.9999999, 6.3329935e-07, -6.0647726e-06, -6.210059e-06, 5.7043508e-08, -0.9999997, -7.748604e-07, 1.0000002, -4.6333298e-08, 2.4437904e-06, 0.09360051, 8.46386e-06)
bone_name = "Right elbow"
joint_constraints/bias = 0.3
joint_constraints/damping = 1.0
joint_constraints/impulse_clamp = 0.0

[node name="CollisionShape3D" type="CollisionShape3D" parent="CharacterBody/CollisionShape3D/SherryGodotModel/Ragdoll/Armature/Skeleton3D/Physical Bone Right elbow" unique_id=419008425]
transform = Transform3D(1, 0, 0, 0, 0, 1, 0, -1, 0, 0, 0, 0)
shape = SubResource("CapsuleShape3D_dhyhi")

[node name="Physical Bone Right wrist" type="PhysicalBone3D" parent="CharacterBody/CollisionShape3D/SherryGodotModel/Ragdoll/Armature/Skeleton3D" parent_id_path=PackedInt32Array(1626320784, 1907706488) index="23" unique_id=968437943]
transform = Transform3D(-0.12202147, 0.37742215, -0.91796696, -0.98503083, -0.15950923, 0.06535375, -0.12175824, 0.9122003, 0.391236, 0.62018377, 1.3387961, 0.020780116)
joint_type = 1
joint_offset = Transform3D(1, 0, 0, 0, 1, 0, 0, 0, 1, 2.331799e-06, 1.1957618e-06, 0.04610629)
body_offset = Transform3D(0.026366323, 0.9311374, 0.36371487, 4.656613e-10, 0.36384112, -0.93146086, -0.99965256, 0.024559006, 0.009593118, -0.01677072, 0.042945772, -0.0004400015)
bone_name = "Right wrist"
joint_constraints/bias = 0.3
joint_constraints/damping = 1.0
joint_constraints/impulse_clamp = 0.0

[node name="CollisionShape3D" type="CollisionShape3D" parent="CharacterBody/CollisionShape3D/SherryGodotModel/Ragdoll/Armature/Skeleton3D/Physical Bone Right wrist" unique_id=1078747772]
transform = Transform3D(1, 0, 0, 0, 0, 1, 0, -1, 0, 0, 0, 0)
shape = SubResource("CapsuleShape3D_73xt7")

[node name="Physical Bone IndexFinger1_R" type="PhysicalBone3D" parent="CharacterBody/CollisionShape3D/SherryGodotModel/Ragdoll/Armature/Skeleton3D" parent_id_path=PackedInt32Array(1626320784, 1907706488) index="24" unique_id=498805100]
transform = Transform3D(-0.0010534573, -0.010210626, -0.99994737, 0.10268011, 0.9946615, -0.010264826, 0.99471384, -0.102685526, 5.947869e-07, 0.69277835, 1.3364086, 0.0027623773)
joint_type = 1
joint_offset = Transform3D(1, 0, 0, 0, 1, 0, 0, 0, 1, -1.903353e-05, -6.80499e-07, 0.022828167)
body_offset = Transform3D(1.0000001, -4.0233135e-07, 2.080543e-07, 9.0956235e-08, -1.4141219e-06, -0.99999976, 2.5331974e-07, 1.0000001, -1.522321e-06, 1.9028783e-05, 0.022828162, 7.1525574e-07)
bone_name = "IndexFinger1_R"
joint_constraints/bias = 0.3
joint_constraints/damping = 1.0
joint_constraints/impulse_clamp = 0.0

[node name="CollisionShape3D" type="CollisionShape3D" parent="CharacterBody/CollisionShape3D/SherryGodotModel/Ragdoll/Armature/Skeleton3D/Physical Bone IndexFinger1_R" unique_id=1700119421]
transform = Transform3D(1, 0, 0, 0, 0, 1, 0, -1, 0, 0, 0, 0)
shape = SubResource("CapsuleShape3D_2ig0d")

[node name="Physical Bone IndexFinger2_R" type="PhysicalBone3D" parent="CharacterBody/CollisionShape3D/SherryGodotModel/Ragdoll/Armature/Skeleton3D" parent_id_path=PackedInt32Array(1626320784, 1907706488) index="25" unique_id=433212886]
transform = Transform3D(9.326278e-07, -1.1015502e-06, -1, -0.05206024, 0.99864393, -1.1486093e-06, 0.99864393, 0.05206024, 8.7401617e-07, 0.72138065, 1.3365629, 0.0027427077)
joint_type = 1
joint_offset = Transform3D(1, 0, 0, 0, 1, 0, 0, 0, 1, 8.2744805e-07, 1.3725625e-07, 0.0133114485)
body_offset = Transform3D(1, -1.5199184e-06, 5.271544e-07, 3.9665133e-07, -1.2747751e-06, -0.99999976, 1.3709068e-06, 1.0000001, -1.3558341e-06, -8.34465e-07, 0.013311446, -1.1920929e-07)
bone_name = "IndexFinger2_R"
joint_constraints/bias = 0.3
joint_constraints/damping = 1.0
joint_constraints/impulse_clamp = 0.0

[node name="CollisionShape3D" type="CollisionShape3D" parent="CharacterBody/CollisionShape3D/SherryGodotModel/Ragdoll/Armature/Skeleton3D/Physical Bone IndexFinger2_R" unique_id=1109190888]
transform = Transform3D(1, 0, 0, 0, 0, 1, 0, -1, 0, 0, 0, 0)
shape = SubResource("CapsuleShape3D_e5scu")

[node name="Physical Bone Thumb0_R" type="PhysicalBone3D" parent="CharacterBody/CollisionShape3D/SherryGodotModel/Ragdoll/Armature/Skeleton3D" parent_id_path=PackedInt32Array(1626320784, 1907706488) index="26" unique_id=639942352]
transform = Transform3D(1, 1.1678791e-06, 1.4156e-07, 1.4156109e-07, -9.3877316e-07, -1, -1.167879e-06, 1, -9.387733e-07, 9.588152e-05, 0.021505356, -0.00019216537)
joint_type = 1
joint_offset = Transform3D(1, 0, 0, 0, 1, 0, 0, 0, 1, -9.588479e-05, 0.00019218546, 0.021505356)
body_offset = Transform3D(1, 1.1678791e-06, 1.4156e-07, 1.4156109e-07, -9.3877316e-07, -1, -1.167879e-06, 1, -9.387733e-07, 9.588152e-05, 0.021505356, -0.00019216537)
bone_name = "Thumb0_R"
joint_constraints/bias = 0.3
joint_constraints/damping = 1.0
joint_constraints/impulse_clamp = 0.0

[node name="CollisionShape3D" type="CollisionShape3D" parent="CharacterBody/CollisionShape3D/SherryGodotModel/Ragdoll/Armature/Skeleton3D/Physical Bone Thumb0_R" unique_id=1483454527]
transform = Transform3D(1, 0, 0, 0, 0, 1, 0, -1, 0, 0, 0, 0)
shape = SubResource("CapsuleShape3D_ns2a3")

[node name="Physical Bone Thumb1_R" type="PhysicalBone3D" parent="CharacterBody/CollisionShape3D/SherryGodotModel/Ragdoll/Armature/Skeleton3D" parent_id_path=PackedInt32Array(1626320784, 1907706488) index="27" unique_id=76548404]
transform = Transform3D(0.94653887, 0.3225523, -0.004920169, -0.32258862, 0.94646657, -0.011729445, 0.0008734164, 0.012689565, 0.9999191, 0.61703926, 1.3429217, -0.04530132)
joint_type = 1
joint_offset = Transform3D(1, 0, 0, 0, 1, 0, 0, 0, 1, 6.755816e-07, -1.1235352e-06, 0.013734164)
body_offset = Transform3D(0.9999995, 6.3428615e-07, 1.2653531e-05, 1.2626231e-05, 3.886409e-06, -0.9999999, -8.642364e-07, 1, 3.6880374e-06, -8.493662e-07, 0.013734162, 1.0728836e-06)
bone_name = "Thumb1_R"
joint_constraints/bias = 0.3
joint_constraints/damping = 1.0
joint_constraints/impulse_clamp = 0.0

[node name="CollisionShape3D" type="CollisionShape3D" parent="CharacterBody/CollisionShape3D/SherryGodotModel/Ragdoll/Armature/Skeleton3D/Physical Bone Thumb1_R" unique_id=557834402]
transform = Transform3D(1, 0, 0, 0, 0, 1, 0, -1, 0, 0, 0, 0)
shape = SubResource("CapsuleShape3D_rgn0f")

[node name="Physical Bone MiddleFinger1_R" type="PhysicalBone3D" parent="CharacterBody/CollisionShape3D/SherryGodotModel/Ragdoll/Armature/Skeleton3D" parent_id_path=PackedInt32Array(1626320784, 1907706488) index="28" unique_id=2057197329]
transform = Transform3D(0.00031044194, -0.009745769, -0.9999525, -0.03181112, 0.99944633, -0.009750713, 0.9994939, 0.031812634, 2.461859e-07, 0.7012422, 1.3364403, 0.025777966)
joint_type = 1
joint_offset = Transform3D(1, 0, 0, 0, 1, 0, 0, 0, 1, 7.040301e-07, -1.3582112e-05, 0.026131941)
body_offset = Transform3D(1, 3.222376e-06, 4.31249e-07, 3.1234242e-07, -9.305643e-06, -0.9999995, -3.3639371e-06, 1.0000001, -9.419948e-06, -7.1525574e-07, 0.026131928, 1.3828278e-05)
bone_name = "MiddleFinger1_R"
joint_constraints/bias = 0.3
joint_constraints/damping = 1.0
joint_constraints/impulse_clamp = 0.0

[node name="CollisionShape3D" type="CollisionShape3D" parent="CharacterBody/CollisionShape3D/SherryGodotModel/Ragdoll/Armature/Skeleton3D/Physical Bone MiddleFinger1_R" unique_id=750503189]
transform = Transform3D(1, 0, 0, 0, 0, 1, 0, -1, 0, 0, 0, 0)
shape = SubResource("CapsuleShape3D_oa5a3")

