[gd_scene format=3 uid="uid://cxkxoi0vgbscy"]

[ext_resource type="Script" uid="uid://34jvnjm4q6rl" path="res://Player/PlayerRoot.gd" id="2_rebjx"]
[ext_resource type="PackedScene" uid="uid://dbxpilbospngo" path="res://Mesh/SherryGodotModel.blend" id="3_mqcsf"]
[ext_resource type="Script" uid="uid://bjs4cbp5dx1d3" path="res://Enable_Skeleton_IK.gd" id="3_p31nf"]

[sub_resource type="CapsuleShape3D" id="CapsuleShape3D_vbank"]
radius = 0.16357422
height = 1.73

[sub_resource type="CapsuleShape3D" id="CapsuleShape3D_mqcsf"]
radius = 0.015122144
height = 0.15122144

[sub_resource type="CapsuleShape3D" id="CapsuleShape3D_p31nf"]
radius = 0.016083928
height = 0.16083927

[sub_resource type="CapsuleShape3D" id="CapsuleShape3D_62e7a"]
radius = 0.021905523
height = 0.21905522

[sub_resource type="CapsuleShape3D" id="CapsuleShape3D_shv6r"]
radius = 0.009400117
height = 0.094001174

[sub_resource type="CapsuleShape3D" id="CapsuleShape3D_atsex"]
radius = 0.012961147
height = 0.12961148

[sub_resource type="CapsuleShape3D" id="CapsuleShape3D_27mt6"]
radius = 0.013630924
height = 0.13630924

[sub_resource type="CapsuleShape3D" id="CapsuleShape3D_iodul"]
radius = 0.02515235
height = 0.2515235

[sub_resource type="CapsuleShape3D" id="CapsuleShape3D_4ha6k"]
radius = 0.018720265
height = 0.18720265

[sub_resource type="CapsuleShape3D" id="CapsuleShape3D_y0uqk"]
radius = 0.009221008
height = 0.092210084

[sub_resource type="CapsuleShape3D" id="CapsuleShape3D_vmyy6"]
radius = 0.0045570424
height = 0.045570422

[sub_resource type="CapsuleShape3D" id="CapsuleShape3D_1ruxs"]
radius = 0.0026622869
height = 0.02662287

[sub_resource type="CapsuleShape3D" id="CapsuleShape3D_qp7f3"]
radius = 0.004111373
height = 0.04111373

[sub_resource type="CapsuleShape3D" id="CapsuleShape3D_dgvwq"]
radius = 0.0027473338
height = 0.027473338

[sub_resource type="CapsuleShape3D" id="CapsuleShape3D_feabi"]
radius = 0.0052772188
height = 0.052772187

[sub_resource type="CapsuleShape3D" id="CapsuleShape3D_4rypb"]
radius = 0.0028067308
height = 0.028067308

[sub_resource type="CapsuleShape3D" id="CapsuleShape3D_2l1y2"]
radius = 0.004446625
height = 0.044466246

[sub_resource type="CapsuleShape3D" id="CapsuleShape3D_q8x4q"]
radius = 0.002522452
height = 0.02522452

[sub_resource type="CapsuleShape3D" id="CapsuleShape3D_bgij0"]
radius = 0.0033492662
height = 0.033492662

[sub_resource type="CapsuleShape3D" id="CapsuleShape3D_624g7"]
radius = 0.0024134864
height = 0.024134863

[sub_resource type="CapsuleShape3D" id="CapsuleShape3D_ufsoq"]
radius = 0.013630924
height = 0.13630924

[sub_resource type="CapsuleShape3D" id="CapsuleShape3D_ns0ce"]
radius = 0.025152352
height = 0.25152352

[sub_resource type="CapsuleShape3D" id="CapsuleShape3D_dhyhi"]
radius = 0.018720256
height = 0.18720256

[sub_resource type="CapsuleShape3D" id="CapsuleShape3D_73xt7"]
radius = 0.009221002
height = 0.092210025

[sub_resource type="CapsuleShape3D" id="CapsuleShape3D_2ig0d"]
radius = 0.0045570275
height = 0.045570273

[sub_resource type="CapsuleShape3D" id="CapsuleShape3D_e5scu"]
radius = 0.0026622876
height = 0.026622875

[sub_resource type="CapsuleShape3D" id="CapsuleShape3D_ns2a3"]
radius = 0.0041113743
height = 0.04111374

[sub_resource type="CapsuleShape3D" id="CapsuleShape3D_rgn0f"]
radius = 0.0027473338
height = 0.027473338

[sub_resource type="CapsuleShape3D" id="CapsuleShape3D_oa5a3"]
radius = 0.005277218
height = 0.05277218

[sub_resource type="CapsuleShape3D" id="CapsuleShape3D_0ymc1"]
radius = 0.0028067234
height = 0.028067233

[sub_resource type="CapsuleShape3D" id="CapsuleShape3D_1xq4e"]
radius = 0.004446609
height = 0.04446609

[sub_resource type="CapsuleShape3D" id="CapsuleShape3D_4mfp1"]
radius = 0.0025224483
height = 0.025224483

[sub_resource type="CapsuleShape3D" id="CapsuleShape3D_4bnfm"]
radius = 0.0033492637
height = 0.033492636

[sub_resource type="CapsuleShape3D" id="CapsuleShape3D_j0jhh"]
radius = 0.0024134892
height = 0.024134891

[sub_resource type="CapsuleShape3D" id="CapsuleShape3D_cvqha"]
radius = 0.042028498
height = 0.420285

[sub_resource type="CapsuleShape3D" id="CapsuleShape3D_oqw3y"]
radius = 0.04361377
height = 0.43613768

[sub_resource type="CapsuleShape3D" id="CapsuleShape3D_k6vo7"]
radius = 0.008905706
height = 0.08905706

[sub_resource type="CapsuleShape3D" id="CapsuleShape3D_0ee8v"]
radius = 0.042028505
height = 0.42028505

[sub_resource type="CapsuleShape3D" id="CapsuleShape3D_g2bvk"]
radius = 0.04361377
height = 0.4361377

[sub_resource type="CapsuleShape3D" id="CapsuleShape3D_ik2ef"]
radius = 0.008905709
height = 0.08905709

[sub_resource type="SphereShape3D" id="SphereShape3D_rwfw0"]
radius = 0.09

[sub_resource type="BoxMesh" id="BoxMesh_rwfw0"]
size = Vector3(0.025, 0.1, 0.1)

[sub_resource type="ConvexPolygonShape3D" id="ConvexPolygonShape3D_kylym"]
points = PackedVector3Array(0.1, 0, 0, 0.1, 0.1, 0, 0, 0, -0.1, 0, 0.1, -0.1, 0, 0, 0, 0, 0.1, 0)

[sub_resource type="ConvexPolygonShape3D" id="ConvexPolygonShape3D_5tqhk"]
points = PackedVector3Array(0, 0, 0, 0.1, 0, 0, 0, 0.1, 0, 0.1, 0.1, 0)

[sub_resource type="ConvexPolygonShape3D" id="ConvexPolygonShape3D_swpol"]
points = PackedVector3Array(0, 0, -0.1, 0, 0.1, -0.1, 0, 0, 0, 0, 0.1, 0)

[sub_resource type="ConvexPolygonShape3D" id="ConvexPolygonShape3D_rebjx"]
points = PackedVector3Array(0, 0, 0, 0, 0.1, 0, -0.1, 0, 0, -0.1, 0.1, 0, 0, 0, -0.1, 0, 0.1, -0.1)

[sub_resource type="ConvexPolygonShape3D" id="ConvexPolygonShape3D_64nim"]
points = PackedVector3Array(0, 0, 0, -0.1, 0, 0, 0, 0.1, 0, -0.1, 0.1, 0)

[sub_resource type="ConvexPolygonShape3D" id="ConvexPolygonShape3D_qiemt"]
points = PackedVector3Array(0, 0, -0.1, 0, 0.1, -0.1, 0, 0, 0, 0, 0.1, 0)

[node name="PlayerRoot" type="Node3D" unique_id=1128502710]
script = ExtResource("2_rebjx")

[node name="CharacterBody" type="RigidBody3D" parent="." unique_id=1899563998]
axis_lock_angular_x = true
axis_lock_angular_y = true
axis_lock_angular_z = true
mass = 4.0
contact_monitor = true
max_contacts_reported = 4

[node name="CollisionShape3D" type="CollisionShape3D" parent="CharacterBody" unique_id=1757023024]
transform = Transform3D(1, 0, 0, 0, 1, 0, 0, 0, 1, 0, 0.86902165, 0)
shape = SubResource("CapsuleShape3D_vbank")

[node name="SherryGodotModel" type="Node3D" parent="CharacterBody/CollisionShape3D" unique_id=295315918]
transform = Transform3D(1, 0, 0, 0, 1, 0, 0, 0, 1, -1.2220978, -0.869, 0)

[node name="Pose" parent="CharacterBody/CollisionShape3D/SherryGodotModel" unique_id=713802132 instance=ExtResource("3_mqcsf")]

[node name="Hand_L_IK" type="SkeletonIK3D" parent="CharacterBody/CollisionShape3D/SherryGodotModel/Pose/Armature/Skeleton3D" parent_id_path=PackedInt32Array(713802132, 512609460) index="0" unique_id=298801943]
root_bone = &"Left arm"
tip_bone = &"Left wrist"
use_magnet = true
magnet = Vector3(0, 0, 10)
target_node = NodePath("../../../../../../XROrigin3D/LeftController/FullBodyHandPosition_L")
script = ExtResource("3_p31nf")

[node name="Hand_R_IK" type="SkeletonIK3D" parent="CharacterBody/CollisionShape3D/SherryGodotModel/Pose/Armature/Skeleton3D" parent_id_path=PackedInt32Array(713802132, 512609460) index="1" unique_id=1352898790]
root_bone = &"Right arm"
tip_bone = &"Right wrist"
use_magnet = true
magnet = Vector3(0, 0, 10)
target_node = NodePath("../../../../../../XROrigin3D/RightController/FullBodyHandPosition_R")
script = ExtResource("3_p31nf")

[node name="Foot_L_IK" type="SkeletonIK3D" parent="CharacterBody/CollisionShape3D/SherryGodotModel/Pose/Armature/Skeleton3D" parent_id_path=PackedInt32Array(713802132, 512609460) index="2" unique_id=918189357]
root_bone = &"Left leg"
tip_bone = &"Left ankle"
use_magnet = true
magnet = Vector3(0, 0, -10)
target_node = NodePath("../../../../../../XROrigin3D/FullBodyFootPosition_L")
script = ExtResource("3_p31nf")

[node name="Foot_R_IK" type="SkeletonIK3D" parent="CharacterBody/CollisionShape3D/SherryGodotModel/Pose/Armature/Skeleton3D" parent_id_path=PackedInt32Array(713802132, 512609460) index="3" unique_id=1411314993]
root_bone = &"Right leg"
tip_bone = &"Right ankle"
use_magnet = true
magnet = Vector3(0, 0, -10)
target_node = NodePath("../../../../../../XROrigin3D/FullBodyFootPosition_R")
script = ExtResource("3_p31nf")

[node name="Sherry" parent="CharacterBody/CollisionShape3D/SherryGodotModel/Pose/Armature/Skeleton3D" parent_id_path=PackedInt32Array(713802132, 512609460) index="4" unique_id=2025846018]
visible = false

[node name="Ragdoll" parent="CharacterBody/CollisionShape3D/SherryGodotModel" unique_id=987254810 instance=ExtResource("3_mqcsf")]

[node name="Physical Bone Hips" type="PhysicalBone3D" parent="CharacterBody/CollisionShape3D/SherryGodotModel/Ragdoll/Armature/Skeleton3D" parent_id_path=PackedInt32Array(987254810, 512609460) index="1" unique_id=1240308216]
transform = Transform3D(-1, -6.1293076e-07, -1.7377813e-08, 1.10559085e-07, -0.15235676, -0.98832554, 6.0312755e-07, -0.98832554, 0.15235676, 0, 0.91285616, -0.0011298275)
joint_offset = Transform3D(1, 0, 0, 0, 1, 0, 0, 0, 1, -3.9165277e-13, 2.8167198e-08, 0.07561075)
body_offset = Transform3D(1, -2.444267e-12, 5.1798565e-12, 5.1798565e-12, -3.874302e-07, -1.0000001, 2.444267e-12, 1, -3.7252903e-07, 0, 0.07561076, 0)
bone_name = "Hips"

[node name="CollisionShape3D" type="CollisionShape3D" parent="CharacterBody/CollisionShape3D/SherryGodotModel/Ragdoll/Armature/Skeleton3D/Physical Bone Hips" unique_id=1111933042]
transform = Transform3D(1, 0, 0, 0, 0, 1, 0, -1, 0, 0, 0, 0)
shape = SubResource("CapsuleShape3D_mqcsf")

[node name="Physical Bone Spine" type="PhysicalBone3D" parent="CharacterBody/CollisionShape3D/SherryGodotModel/Ragdoll/Armature/Skeleton3D" parent_id_path=PackedInt32Array(987254810, 512609460) index="2" unique_id=697768517]
transform = Transform3D(-1, -6.3771927e-07, 1.0200412e-08, 9.768368e-09, -0.031304967, -0.9995099, 6.3772603e-07, -0.9995099, 0.031304967, 0, 1.0679643, -0.015166111)
joint_type = 1
joint_offset = Transform3D(1, 0, 0, 0, 1, 0, 0, 0, 1, -2.1427515e-15, 1.0262523e-06, 0.08041965)
body_offset = Transform3D(1, -5.684342e-14, 2.6645353e-14, 1.0658141e-14, -1.1175871e-08, -1.0000001, 0, 1, -2.2351742e-08, 0, 0.08041966, -1.0244548e-06)
bone_name = "Spine"
joint_constraints/bias = 0.3
joint_constraints/damping = 1.0
joint_constraints/impulse_clamp = 0.0

[node name="CollisionShape3D" type="CollisionShape3D" parent="CharacterBody/CollisionShape3D/SherryGodotModel/Ragdoll/Armature/Skeleton3D/Physical Bone Spine" unique_id=579660173]
transform = Transform3D(1, 0, 0, 0, 0, 1, 0, -1, 0, 0, 0, 0)
shape = SubResource("CapsuleShape3D_p31nf")

[node name="Physical Bone Chest" type="PhysicalBone3D" parent="CharacterBody/CollisionShape3D/SherryGodotModel/Ragdoll/Armature/Skeleton3D" parent_id_path=PackedInt32Array(987254810, 512609460) index="3" unique_id=1635491739]
transform = Transform3D(1, 2.1920935e-07, 5.749863e-09, 4.689916e-08, -0.18818556, -0.98213357, -2.1421079e-07, 0.98213357, -0.18818556, 0, 1.2559152, 0.0029264968)
joint_type = 1
joint_offset = Transform3D(1, 0, 0, 0, 1, 0, 0, 0, 1, 1.3971915e-10, 3.3079414e-07, 0.109527476)
body_offset = Transform3D(-1, 4.147659e-07, 1.274401e-09, 3.5527137e-15, 0.0030724704, -0.9999956, -4.1476775e-07, -0.99999547, -0.0030725151, 0, 0.10952699, 0.00033685565)
bone_name = "Chest"
joint_constraints/bias = 0.3
joint_constraints/damping = 1.0
joint_constraints/impulse_clamp = 0.0

[node name="CollisionShape3D" type="CollisionShape3D" parent="CharacterBody/CollisionShape3D/SherryGodotModel/Ragdoll/Armature/Skeleton3D/Physical Bone Chest" unique_id=1171000849]
transform = Transform3D(1, 0, 0, 0, 0, 1, 0, -1, 0, 0, 0, 0)
shape = SubResource("CapsuleShape3D_62e7a")

[node name="Physical Bone Neck" type="PhysicalBone3D" parent="CharacterBody/CollisionShape3D/SherryGodotModel/Ragdoll/Armature/Skeleton3D" parent_id_path=PackedInt32Array(987254810, 512609460) index="4" unique_id=1475456640]
transform = Transform3D(-1, -4.9469315e-07, 1.0485079e-07, -1.06864135e-07, 0.0040716385, -0.9999917, 4.942621e-07, -0.9999917, -0.0040716385, 0, 1.4109111, 0.023731519)
joint_type = 1
joint_offset = Transform3D(1, 0, 0, 0, 1, 0, 0, 0, 1, -9.688094e-16, 6.335201e-08, 0.047425497)
body_offset = Transform3D(1, -5.684342e-14, 2.0428104e-14, -2.7311486e-14, 0, -1.0000002, 0, 1.0000001, -4.656613e-10, 0, 0.04742551, -6.3329935e-08)
bone_name = "Neck"
joint_constraints/bias = 0.3
joint_constraints/damping = 1.0
joint_constraints/impulse_clamp = 0.0

[node name="CollisionShape3D" type="CollisionShape3D" parent="CharacterBody/CollisionShape3D/SherryGodotModel/Ragdoll/Armature/Skeleton3D/Physical Bone Neck" unique_id=1773052815]
transform = Transform3D(1, 0, 0, 0, 0, 1, 0, -1, 0, 0, 0, 0)
shape = SubResource("CapsuleShape3D_shv6r")

[node name="Physical Bone Head" type="PhysicalBone3D" parent="CharacterBody/CollisionShape3D/SherryGodotModel/Ragdoll/Armature/Skeleton3D" parent_id_path=PackedInt32Array(987254810, 512609460) index="5" unique_id=220929479]
transform = Transform3D(0.88612735, 0.3013711, 0.3520707, 1.2299361e-08, 0.75968695, -0.650289, -0.46344182, 0.5762389, 0.6731794, -0.022816181, 1.4996285, -0.01970479)
joint_type = 1
joint_offset = Transform3D(1, 0, 0, 0, 1, 0, 0, 0, 1, 1.8626451e-09, 5.9604645e-08, 0.06480569)
body_offset = Transform3D(-0.88612753, -0.30137086, -0.35207042, -1.6138202e-12, 0.7596871, -0.6502892, 0.46344152, -0.57623905, -0.6731796, 0.022816181, 0.04214239, 0.0436259)
bone_name = "Head"
joint_constraints/bias = 0.3
joint_constraints/damping = 1.0
joint_constraints/impulse_clamp = 0.0

[node name="CollisionShape3D" type="CollisionShape3D" parent="CharacterBody/CollisionShape3D/SherryGodotModel/Ragdoll/Armature/Skeleton3D/Physical Bone Head" unique_id=115291460]
transform = Transform3D(1, 0, 0, 0, 0, 1, 0, -1, 0, 0, 0, 0)
shape = SubResource("CapsuleShape3D_atsex")

[node name="Physical Bone Left shoulder" type="PhysicalBone3D" parent="CharacterBody/CollisionShape3D/SherryGodotModel/Ragdoll/Armature/Skeleton3D" parent_id_path=PackedInt32Array(987254810, 512609460) index="6" unique_id=614346155]
transform = Transform3D(-0.12383439, 0.03368064, 0.99173117, 0.09654094, 0.9950916, -0.021739997, -0.9875955, 0.09305051, -0.12647812, -0.07280719, 1.3332338, 0.013751396)
joint_type = 1
joint_offset = Transform3D(1, 0, 0, 0, 1, 0, 0, 0, 1, -2.780232e-07, -3.2948901e-06, 0.068150036)
body_offset = Transform3D(1.0000001, 1.2665987e-07, 5.811453e-07, 5.1409006e-07, -6.4074993e-07, -1.0000001, -8.195639e-08, 1.0000004, -6.305054e-07, 2.3841858e-07, 0.06815004, 3.33786e-06)
bone_name = "Left shoulder"
joint_constraints/bias = 0.3
joint_constraints/damping = 1.0
joint_constraints/impulse_clamp = 0.0

[node name="CollisionShape3D" type="CollisionShape3D" parent="CharacterBody/CollisionShape3D/SherryGodotModel/Ragdoll/Armature/Skeleton3D/Physical Bone Left shoulder" unique_id=1432887874]
transform = Transform3D(1, 0, 0, 0, 0, 1, 0, -1, 0, 0, 0, 0)
shape = SubResource("CapsuleShape3D_27mt6")

[node name="Physical Bone Left arm" type="PhysicalBone3D" parent="CharacterBody/CollisionShape3D/SherryGodotModel/Ragdoll/Armature/Skeleton3D" parent_id_path=PackedInt32Array(987254810, 512609460) index="7" unique_id=702062890]
transform = Transform3D(-0.09243859, 0.013088216, 0.99563235, 0.01435897, 0.9998272, -0.011810212, -0.9956148, 0.013204537, -0.09261055, -0.26562667, 1.3361909, 0.034018952)
joint_type = 1
joint_offset = Transform3D(1, 0, 0, 0, 1, 0, 0, 0, 1, -7.994088e-07, 7.037064e-06, 0.12577294)
body_offset = Transform3D(1.0000004, 3.7252903e-08, 4.3213367e-07, 3.427267e-07, -5.2154064e-08, -1.0000001, -1.21071935e-08, 1.0000005, -2.9569492e-08, 7.4505806e-07, 0.12577295, -7.033348e-06)
bone_name = "Left arm"
joint_constraints/bias = 0.3
joint_constraints/damping = 1.0
joint_constraints/impulse_clamp = 0.0

[node name="CollisionShape3D" type="CollisionShape3D" parent="CharacterBody/CollisionShape3D/SherryGodotModel/Ragdoll/Armature/Skeleton3D/Physical Bone Left arm" unique_id=51843912]
transform = Transform3D(1, 0, 0, 0, 0, 1, 0, -1, 0, 0, 0, 0)
shape = SubResource("CapsuleShape3D_iodul")

[node name="Physical Bone Left elbow" type="PhysicalBone3D" parent="CharacterBody/CollisionShape3D/SherryGodotModel/Ragdoll/Armature/Skeleton3D" parent_id_path=PackedInt32Array(987254810, 512609460) index="8" unique_id=293595123]
transform = Transform3D(0.038468376, 0.018516125, 0.99908835, 0.09303304, 0.9954193, -0.022030221, -0.99491966, 0.09379568, 0.036569554, -0.4843458, 1.3397622, 0.042242453)
joint_type = 1
joint_offset = Transform3D(1, 0, 0, 0, 1, 0, 0, 0, 1, -1.6802575e-06, -1.7115914e-05, 0.0936036)
body_offset = Transform3D(1.0000004, -6.7055225e-08, 5.5879354e-07, 5.5134296e-07, -5.508773e-07, -1.0000001, 1.1920929e-07, 1.0000006, -5.364418e-07, 1.6279519e-06, 0.09360361, 1.7166138e-05)
bone_name = "Left elbow"
joint_constraints/bias = 0.3
joint_constraints/damping = 1.0
joint_constraints/impulse_clamp = 0.0

[node name="CollisionShape3D" type="CollisionShape3D" parent="CharacterBody/CollisionShape3D/SherryGodotModel/Ragdoll/Armature/Skeleton3D/Physical Bone Left elbow" unique_id=1541695991]
transform = Transform3D(1, 0, 0, 0, 0, 1, 0, -1, 0, 0, 0, 0)
shape = SubResource("CapsuleShape3D_4ha6k")

[node name="Physical Bone Left wrist" type="PhysicalBone3D" parent="CharacterBody/CollisionShape3D/SherryGodotModel/Ragdoll/Armature/Skeleton3D" parent_id_path=PackedInt32Array(987254810, 512609460) index="9" unique_id=1406826601]
transform = Transform3D(-0.12202143, -0.37742132, 0.91796726, 0.98503083, -0.15950915, 0.06535387, 0.12175822, 0.9122007, 0.39123514, -0.62018263, 1.338794, 0.0207816)
joint_type = 1
joint_offset = Transform3D(1, 0, 0, 0, 1, 0, 0, 0, 1, -3.0646333e-08, 4.5300112e-08, 0.046105016)
body_offset = Transform3D(0.026366271, -0.93113804, -0.36371434, -5.122274e-09, 0.36384076, -0.9314615, 0.99965286, 0.024559036, 0.00959323, 0.016769096, 0.042945027, -0.00044226646)
bone_name = "Left wrist"
joint_constraints/bias = 0.3
joint_constraints/damping = 1.0
joint_constraints/impulse_clamp = 0.0

[node name="CollisionShape3D" type="CollisionShape3D" parent="CharacterBody/CollisionShape3D/SherryGodotModel/Ragdoll/Armature/Skeleton3D/Physical Bone Left wrist" unique_id=475872062]
transform = Transform3D(1, 0, 0, 0, 0, 1, 0, -1, 0, 0, 0, 0)
shape = SubResource("CapsuleShape3D_y0uqk")

[node name="Physical Bone IndexFinger1_L" type="PhysicalBone3D" parent="CharacterBody/CollisionShape3D/SherryGodotModel/Ragdoll/Armature/Skeleton3D" parent_id_path=PackedInt32Array(987254810, 512609460) index="10" unique_id=324791967]
transform = Transform3D(-0.0017629561, 0.017081967, 0.99985254, -0.10267054, 0.9945672, -0.0171727, -0.9947139, -0.102685675, 4.365241e-07, -0.6855041, 1.3361728, 0.0027491895)
joint_type = 1
joint_offset = Transform3D(1, 0, 0, 0, 1, 0, 0, 0, 1, 5.1491297e-06, 3.6176682e-06, 0.023001783)
body_offset = Transform3D(1.0000006, 3.3527613e-07, -3.5796475e-07, -3.595707e-07, -1.9063241e-06, -1.0000004, -2.682209e-07, 1.0000006, -1.7994364e-06, -5.1409006e-06, 0.02300179, -3.5762787e-06)
bone_name = "IndexFinger1_L"
joint_constraints/bias = 0.3
joint_constraints/damping = 1.0
joint_constraints/impulse_clamp = 0.0

[node name="CollisionShape3D" type="CollisionShape3D" parent="CharacterBody/CollisionShape3D/SherryGodotModel/Ragdoll/Armature/Skeleton3D/Physical Bone IndexFinger1_L" unique_id=1284751504]
transform = Transform3D(1, 0, 0, 0, 0, 1, 0, -1, 0, 0, 0, 0)
shape = SubResource("CapsuleShape3D_vmyy6")

[node name="Physical Bone IndexFinger2_L" type="PhysicalBone3D" parent="CharacterBody/CollisionShape3D/SherryGodotModel/Ragdoll/Armature/Skeleton3D" parent_id_path=PackedInt32Array(987254810, 512609460) index="11" unique_id=363988010]
transform = Transform3D(-1.3587434e-08, 9.603739e-07, 1, 0.052061416, 0.99864393, -9.58364e-07, -0.99864393, 0.052061416, -6.356743e-08, -0.7213807, 1.3367302, 0.002767486)
joint_type = 1
joint_offset = Transform3D(1, 0, 0, 0, 1, 0, 0, 0, 1, 1.50930555e-05, -0.00016771328, 0.013311383)
body_offset = Transform3D(1.0000005, 1.899898e-07, 1.3859827e-07, 1.1882698e-07, -1.1727158e-06, -1.0000002, -1.2293458e-07, 1.0000005, -1.0601501e-06, -1.5094876e-05, 0.013311386, 0.00016772747)
bone_name = "IndexFinger2_L"
joint_constraints/bias = 0.3
joint_constraints/damping = 1.0
joint_constraints/impulse_clamp = 0.0

[node name="CollisionShape3D" type="CollisionShape3D" parent="CharacterBody/CollisionShape3D/SherryGodotModel/Ragdoll/Armature/Skeleton3D/Physical Bone IndexFinger2_L" unique_id=1732721329]
transform = Transform3D(1, 0, 0, 0, 0, 1, 0, -1, 0, 0, 0, 0)
shape = SubResource("CapsuleShape3D_1ruxs")

[node name="Physical Bone Thumb0_L" type="PhysicalBone3D" parent="CharacterBody/CollisionShape3D/SherryGodotModel/Ragdoll/Armature/Skeleton3D" parent_id_path=PackedInt32Array(987254810, 512609460) index="12" unique_id=11392893]
transform = Transform3D(0.8809411, -0.47314733, 0.008631316, 0.46295953, 0.85790724, -0.22285356, 0.0980377, 0.20031679, 0.97481376, -0.6167947, 1.3381779, -0.011528995)
joint_type = 1
joint_offset = Transform3D(1, 0, 0, 0, 1, 0, 0, 0, 1, 3.1933763e-07, 4.4038543e-07, 0.02055665)
body_offset = Transform3D(1.0000002, 9.3877316e-07, 1.8626451e-06, 1.9147992e-06, 1.7881393e-06, -1.0000005, -6.388873e-07, 1.0000002, 1.7732382e-06, -3.5762787e-07, 0.020556659, -4.7683716e-07)
bone_name = "Thumb0_L"
joint_constraints/bias = 0.3
joint_constraints/damping = 1.0
joint_constraints/impulse_clamp = 0.0

[node name="CollisionShape3D" type="CollisionShape3D" parent="CharacterBody/CollisionShape3D/SherryGodotModel/Ragdoll/Armature/Skeleton3D/Physical Bone Thumb0_L" unique_id=123721888]
transform = Transform3D(1, 0, 0, 0, 0, 1, 0, -1, 0, 0, 0, 0)
shape = SubResource("CapsuleShape3D_qp7f3")

[node name="Physical Bone Thumb1_L" type="PhysicalBone3D" parent="CharacterBody/CollisionShape3D/SherryGodotModel/Ragdoll/Armature/Skeleton3D" parent_id_path=PackedInt32Array(987254810, 512609460) index="13" unique_id=1950810788]
transform = Transform3D(0.94653916, -0.32255134, 0.004931113, 0.3225878, 0.946467, -0.011724939, -0.0008852414, 0.012688831, 0.9999191, -0.6170399, 1.3429205, -0.04530374)
joint_type = 1
joint_offset = Transform3D(1, 0, 0, 0, 1, 0, 0, 0, 1, 1.4811427e-08, -6.170189e-08, 0.013736664)
body_offset = Transform3D(1.0000004, 4.6602418e-07, -1.0782387e-06, -1.042732e-06, 4.5625493e-06, -1.0000006, -2.9920557e-07, 1.0000005, 4.491769e-06, 0, 0.013736673, 0)
bone_name = "Thumb1_L"
joint_constraints/bias = 0.3
joint_constraints/damping = 1.0
joint_constraints/impulse_clamp = 0.0

[node name="CollisionShape3D" type="CollisionShape3D" parent="CharacterBody/CollisionShape3D/SherryGodotModel/Ragdoll/Armature/Skeleton3D/Physical Bone Thumb1_L" unique_id=809627006]
transform = Transform3D(1, 0, 0, 0, 0, 1, 0, -1, 0, 0, 0, 0)
shape = SubResource("CapsuleShape3D_dgvwq")

[node name="Physical Bone MiddleFinger1_L" type="PhysicalBone3D" parent="CharacterBody/CollisionShape3D/SherryGodotModel/Ragdoll/Armature/Skeleton3D" parent_id_path=PackedInt32Array(987254810, 512609460) index="14" unique_id=122352289]
transform = Transform3D(0.0004713929, 0.014822538, 0.99989, 0.03179826, 0.9993843, -0.014830031, -0.9994942, 0.031801753, -2.282083e-07, -0.68910253, 1.3361843, 0.025777573)
joint_type = 1
joint_offset = Transform3D(1, 0, 0, 0, 1, 0, 0, 0, 1, -1.0992314e-06, -8.874141e-06, 0.026599878)
body_offset = Transform3D(1.0000004, 7.4133277e-06, 1.26663195e-08, -3.7370143e-09, -2.5871097e-06, -1.0000002, -7.3462725e-06, 1.0000004, -2.5022732e-06, 1.0989606e-06, 0.026599884, 8.940697e-06)
bone_name = "MiddleFinger1_L"
joint_constraints/bias = 0.3
joint_constraints/damping = 1.0
joint_constraints/impulse_clamp = 0.0

[node name="CollisionShape3D" type="CollisionShape3D" parent="CharacterBody/CollisionShape3D/SherryGodotModel/Ragdoll/Armature/Skeleton3D/Physical Bone MiddleFinger1_L" unique_id=1382142826]
transform = Transform3D(1, 0, 0, 0, 0, 1, 0, -1, 0, 0, 0, 0)
shape = SubResource("CapsuleShape3D_feabi")

[node name="Physical Bone MiddleFinger2_L" type="PhysicalBone3D" parent="CharacterBody/CollisionShape3D/SherryGodotModel/Ragdoll/Armature/Skeleton3D" parent_id_path=PackedInt32Array(987254810, 512609460) index="15" unique_id=120081318]
transform = Transform3D(2.5436623e-07, 4.805006e-06, 1, 0.12599029, 0.9920315, -4.7987646e-06, -0.9920315, 0.12599029, -3.5304475e-07, -0.72930574, 1.3365636, 0.025778474)
joint_type = 1
joint_offset = Transform3D(1, 0, 0, 0, 1, 0, 0, 0, 1, 5.967694e-08, -1.0986908e-07, 0.0140336715)
body_offset = Transform3D(1.0000005, 7.4505806e-08, -5.15314e-09, -3.1081584e-08, -7.5281986e-07, -1.0000002, 0, 1.0000006, -6.6555276e-07, -5.9604645e-08, 0.014033675, 1.1920929e-07)
bone_name = "MiddleFinger2_L"
joint_constraints/bias = 0.3
joint_constraints/damping = 1.0
joint_constraints/impulse_clamp = 0.0

[node name="CollisionShape3D" type="CollisionShape3D" parent="CharacterBody/CollisionShape3D/SherryGodotModel/Ragdoll/Armature/Skeleton3D/Physical Bone MiddleFinger2_L" unique_id=920528922]
transform = Transform3D(1, 0, 0, 0, 0, 1, 0, -1, 0, 0, 0, 0)
shape = SubResource("CapsuleShape3D_4rypb")

[node name="Physical Bone RingFinger1_L" type="PhysicalBone3D" parent="CharacterBody/CollisionShape3D/SherryGodotModel/Ragdoll/Armature/Skeleton3D" parent_id_path=PackedInt32Array(987254810, 512609460) index="16" unique_id=1135114338]
transform = Transform3D(0.0017321372, 0.01751114, 0.9998452, 0.09842571, 0.99498886, -0.0175966, -0.9951429, 0.09844095, -8.9291085e-08, -0.6847354, 1.3361721, 0.04889193)
joint_type = 1
joint_offset = Transform3D(1, 0, 0, 0, 1, 0, 0, 0, 1, 6.4741235e-09, -1.6120552e-08, 0.022233123)
body_offset = Transform3D(1.0000006, 5.2154064e-08, 4.391888e-08, 2.263792e-08, 6.4990576e-07, -1.0000002, 0, 1.0000005, 7.2506947e-07, -7.450581e-09, 0.022233129, 0)
bone_name = "RingFinger1_L"
joint_constraints/bias = 0.3
joint_constraints/damping = 1.0
joint_constraints/impulse_clamp = 0.0

[node name="CollisionShape3D" type="CollisionShape3D" parent="CharacterBody/CollisionShape3D/SherryGodotModel/Ragdoll/Armature/Skeleton3D/Physical Bone RingFinger1_L" unique_id=417231243]
transform = Transform3D(1, 0, 0, 0, 0, 1, 0, -1, 0, 0, 0, 0)
shape = SubResource("CapsuleShape3D_2l1y2")

[node name="Physical Bone RingFinger2_L" type="PhysicalBone3D" parent="CharacterBody/CollisionShape3D/SherryGodotModel/Ragdoll/Armature/Skeleton3D" parent_id_path=PackedInt32Array(987254810, 512609460) index="17" unique_id=722825636]
transform = Transform3D(1.12704456e-07, 6.156767e-07, 1, -0.08284296, 0.9965626, -6.042236e-07, -0.9965626, -0.08284296, 1.6332153e-07, -0.7195773, 1.3365636, 0.048891924)
joint_type = 1
joint_offset = Transform3D(1, 0, 0, 0, 1, 0, 0, 0, 1, -1.1648468e-08, 9.237375e-09, 0.012612222)
body_offset = Transform3D(1.0000006, 1.1175871e-07, -2.5789964e-07, -2.6567432e-07, -8.1497996e-07, -1.0000001, 0, 1.0000004, -7.3241483e-07, 1.4901161e-08, 0.012612224, 0)
bone_name = "RingFinger2_L"
joint_constraints/bias = 0.3
joint_constraints/damping = 1.0
joint_constraints/impulse_clamp = 0.0

[node name="CollisionShape3D" type="CollisionShape3D" parent="CharacterBody/CollisionShape3D/SherryGodotModel/Ragdoll/Armature/Skeleton3D/Physical Bone RingFinger2_L" unique_id=1898054260]
transform = Transform3D(1, 0, 0, 0, 0, 1, 0, -1, 0, 0, 0, 0)
shape = SubResource("CapsuleShape3D_q8x4q")

[node name="Physical Bone LittleFinger1_L" type="PhysicalBone3D" parent="CharacterBody/CollisionShape3D/SherryGodotModel/Ragdoll/Armature/Skeleton3D" parent_id_path=PackedInt32Array(987254810, 512609460) index="18" unique_id=633403534]
transform = Transform3D(9.086667e-05, 0.02336159, 0.9997271, 0.003895922, 0.9997195, -0.023361767, -0.99999243, 0.0038969815, -1.7375582e-07, -0.67925596, 1.3361781, 0.07202552)
joint_type = 1
joint_offset = Transform3D(1, 0, 0, 0, 1, 0, 0, 0, 1, -1.02177246e-07, -5.7417246e-06, 0.016754981)
body_offset = Transform3D(1.0000005, 7.660128e-08, -1.2714992e-07, -1.3908519e-07, 1.0871578e-06, -1.0000002, 0, 1.0000005, 1.174652e-06, 1.0430813e-07, 0.016754985, 5.722046e-06)
bone_name = "LittleFinger1_L"
joint_constraints/bias = 0.3
joint_constraints/damping = 1.0
joint_constraints/impulse_clamp = 0.0

[node name="CollisionShape3D" type="CollisionShape3D" parent="CharacterBody/CollisionShape3D/SherryGodotModel/Ragdoll/Armature/Skeleton3D/Physical Bone LittleFinger1_L" unique_id=78638115]
transform = Transform3D(1, 0, 0, 0, 0, 1, 0, -1, 0, 0, 0, 0)
shape = SubResource("CapsuleShape3D_bgij0")

[node name="Physical Bone LittleFinger2_L" type="PhysicalBone3D" parent="CharacterBody/CollisionShape3D/SherryGodotModel/Ragdoll/Armature/Skeleton3D" parent_id_path=PackedInt32Array(987254810, 512609460) index="19" unique_id=1654941754]
transform = Transform3D(3.4620135e-07, 2.4798533e-06, 1, 0.050268006, 0.9987358, -2.4941207e-06, -0.9987358, 0.050268006, 2.2110639e-07, -0.7080567, 1.3365633, 0.072025605)
joint_type = 1
joint_offset = Transform3D(1, 0, 0, 0, 1, 0, 0, 0, 1, 4.511825e-09, 3.0583823e-08, 0.0120674325)
body_offset = Transform3D(1.0000006, 7.0780516e-08, -3.7388483e-07, -3.9206915e-07, -2.6288658e-06, -1.0000004, 0, 1.0000005, -2.5344111e-06, 0, 0.012067437, 0)
bone_name = "LittleFinger2_L"
joint_constraints/bias = 0.3
joint_constraints/damping = 1.0
joint_constraints/impulse_clamp = 0.0

[node name="CollisionShape3D" type="CollisionShape3D" parent="CharacterBody/CollisionShape3D/SherryGodotModel/Ragdoll/Armature/Skeleton3D/Physical Bone LittleFinger2_L" unique_id=1749192233]
transform = Transform3D(1, 0, 0, 0, 0, 1, 0, -1, 0, 0, 0, 0)
shape = SubResource("CapsuleShape3D_624g7")

[node name="Physical Bone Right shoulder" type="PhysicalBone3D" parent="CharacterBody/CollisionShape3D/SherryGodotModel/Ragdoll/Armature/Skeleton3D" parent_id_path=PackedInt32Array(987254810, 512609460) index="20" unique_id=763067648]
transform = Transform3D(-0.12383384, -0.03368061, -0.9917313, -0.096541576, 0.99509156, -0.02173994, 0.9875955, 0.09305116, -0.12647758, 0.07281184, 1.3332305, 0.013751167)
joint_type = 1
joint_offset = Transform3D(1, 0, 0, 0, 1, 0, 0, 0, 1, 7.243958e-07, 4.2274014e-08, 0.06815457)
body_offset = Transform3D(1.0000001, 4.8428774e-07, -1.3411045e-07, -1.7881393e-07, -5.820766e-07, -1, -5.736947e-07, 1.0000002, -6.2026083e-07, -7.1525574e-07, 0.06815457, 0)
bone_name = "Right shoulder"
joint_constraints/bias = 0.3
joint_constraints/damping = 1.0
joint_constraints/impulse_clamp = 0.0

[node name="CollisionShape3D" type="CollisionShape3D" parent="CharacterBody/CollisionShape3D/SherryGodotModel/Ragdoll/Armature/Skeleton3D/Physical Bone Right shoulder" unique_id=313040086]
transform = Transform3D(1, 0, 0, 0, 0, 1, 0, -1, 0, 0, 0, 0)
shape = SubResource("CapsuleShape3D_ufsoq")

[node name="Physical Bone Right arm" type="PhysicalBone3D" parent="CharacterBody/CollisionShape3D/SherryGodotModel/Ragdoll/Armature/Skeleton3D" parent_id_path=PackedInt32Array(987254810, 512609460) index="21" unique_id=1322204744]
transform = Transform3D(-0.092438065, -0.013088185, -0.9956324, -0.014358991, 0.9998272, -0.011810186, 0.99561495, 0.013204566, -0.092610024, 0.26561546, 1.3361974, 0.034018718)
joint_type = 1
joint_offset = Transform3D(1, 0, 0, 0, 1, 0, 0, 0, 1, 2.7655798e-09, -1.0604736e-07, 0.12576184)
body_offset = Transform3D(1.0000002, -6.426126e-08, 3.7252903e-08, -7.450581e-09, -6.821938e-08, -0.9999998, 9.313226e-10, 1.0000002, -1.04657374e-07, -7.450581e-09, 0.1257618, 1.1920929e-07)
bone_name = "Right arm"
joint_constraints/bias = 0.3
joint_constraints/damping = 1.0
joint_constraints/impulse_clamp = 0.0

[node name="CollisionShape3D" type="CollisionShape3D" parent="CharacterBody/CollisionShape3D/SherryGodotModel/Ragdoll/Armature/Skeleton3D/Physical Bone Right arm" unique_id=866893811]
transform = Transform3D(1, 0, 0, 0, 0, 1, 0, -1, 0, 0, 0, 0)
shape = SubResource("CapsuleShape3D_ns0ce")

[node name="Physical Bone Right elbow" type="PhysicalBone3D" parent="CharacterBody/CollisionShape3D/SherryGodotModel/Ragdoll/Armature/Skeleton3D" parent_id_path=PackedInt32Array(987254810, 512609460) index="22" unique_id=412445463]
transform = Transform3D(0.03846859, -0.018515427, -0.9990883, -0.09303387, 0.9954192, -0.022029577, 0.9949196, 0.093796484, 0.036569804, 0.484344, 1.3397448, 0.0422425)
joint_type = 1
joint_offset = Transform3D(1, 0, 0, 0, 1, 0, 0, 0, 1, 5.360606e-08, -1.2080011e-07, 0.09360131)
body_offset = Transform3D(1.0000004, 8.419156e-07, -4.1350722e-07, -5.5506825e-07, 5.5180863e-08, -0.99999976, -9.0897083e-07, 1.0000004, 1.6996637e-08, -1.4901161e-08, 0.09360129, 1.1920929e-07)
bone_name = "Right elbow"
joint_constraints/bias = 0.3
joint_constraints/damping = 1.0
joint_constraints/impulse_clamp = 0.0

[node name="CollisionShape3D" type="CollisionShape3D" parent="CharacterBody/CollisionShape3D/SherryGodotModel/Ragdoll/Armature/Skeleton3D/Physical Bone Right elbow" unique_id=419008425]
transform = Transform3D(1, 0, 0, 0, 0, 1, 0, -1, 0, 0, 0, 0)
shape = SubResource("CapsuleShape3D_dhyhi")

[node name="Physical Bone Right wrist" type="PhysicalBone3D" parent="CharacterBody/CollisionShape3D/SherryGodotModel/Ragdoll/Armature/Skeleton3D" parent_id_path=PackedInt32Array(987254810, 512609460) index="23" unique_id=968437943]
transform = Transform3D(-0.122021556, 0.3774221, -0.9179669, -0.98503083, -0.1595093, 0.06535383, -0.12175828, 0.91220033, 0.39123592, 0.62018263, 1.3387935, 0.020781593)
joint_type = 1
joint_offset = Transform3D(1, 0, 0, 0, 1, 0, 0, 0, 1, 2.8841896e-08, 1.1792508e-08, 0.04610484)
body_offset = Transform3D(0.026366316, 0.9311375, 0.36371505, 7.916242e-09, 0.36384118, -0.9314608, -0.9996527, 0.024559073, 0.009593245, -0.016769037, 0.04294485, -0.00044226646)
bone_name = "Right wrist"
joint_constraints/bias = 0.3
joint_constraints/damping = 1.0
joint_constraints/impulse_clamp = 0.0

[node name="CollisionShape3D" type="CollisionShape3D" parent="CharacterBody/CollisionShape3D/SherryGodotModel/Ragdoll/Armature/Skeleton3D/Physical Bone Right wrist" unique_id=1078747772]
transform = Transform3D(1, 0, 0, 0, 0, 1, 0, -1, 0, 0, 0, 0)
shape = SubResource("CapsuleShape3D_73xt7")

[node name="Physical Bone IndexFinger1_R" type="PhysicalBone3D" parent="CharacterBody/CollisionShape3D/SherryGodotModel/Ragdoll/Armature/Skeleton3D" parent_id_path=PackedInt32Array(987254810, 512609460) index="24" unique_id=498805100]
transform = Transform3D(-0.001762906, -0.017079098, -0.9998526, 0.10267004, 0.99456733, -0.01716984, 0.99471396, -0.102685176, 1.8306407e-07, 0.6853301, 1.3361754, 0.0027417424)
joint_type = 1
joint_offset = Transform3D(1, 0, 0, 0, 1, 0, 0, 0, 1, 1.6017375e-06, -3.2406708e-06, 0.022827806)
body_offset = Transform3D(1.0000005, -8.195639e-08, 3.323537e-07, 2.2986329e-07, 9.835669e-07, -0.99999994, 0, 1.0000005, 9.646823e-07, -1.6093254e-06, 0.022827804, 3.2186508e-06)
bone_name = "IndexFinger1_R"
joint_constraints/bias = 0.3
joint_constraints/damping = 1.0
joint_constraints/impulse_clamp = 0.0

[node name="CollisionShape3D" type="CollisionShape3D" parent="CharacterBody/CollisionShape3D/SherryGodotModel/Ragdoll/Armature/Skeleton3D/Physical Bone IndexFinger1_R" unique_id=1700119421]
transform = Transform3D(1, 0, 0, 0, 0, 1, 0, -1, 0, 0, 0, 0)
shape = SubResource("CapsuleShape3D_2ig0d")

[node name="Physical Bone IndexFinger2_R" type="PhysicalBone3D" parent="CharacterBody/CollisionShape3D/SherryGodotModel/Ragdoll/Armature/Skeleton3D" parent_id_path=PackedInt32Array(987254810, 512609460) index="25" unique_id=433212886]
transform = Transform3D(6.925792e-07, -1.003726e-06, -1, -0.05206174, 0.99864393, -1.0384216e-06, 0.9986439, 0.05206174, 6.393842e-07, 0.7213807, 1.3365629, 0.0027434654)
joint_type = 1
joint_offset = Transform3D(1, 0, 0, 0, 1, 0, 0, 0, 1, 1.9453681e-07, 1.6475472e-08, 0.013311448)
body_offset = Transform3D(1.0000005, -9.685755e-08, 4.979755e-07, 3.966513e-07, -1.2533205e-06, -0.99999994, 0, 1.0000005, -1.2376926e-06, -2.0116568e-07, 0.013311446, 0)
bone_name = "IndexFinger2_R"
joint_constraints/bias = 0.3
joint_constraints/damping = 1.0
joint_constraints/impulse_clamp = 0.0

[node name="CollisionShape3D" type="CollisionShape3D" parent="CharacterBody/CollisionShape3D/SherryGodotModel/Ragdoll/Armature/Skeleton3D/Physical Bone IndexFinger2_R" unique_id=1109190888]
transform = Transform3D(1, 0, 0, 0, 0, 1, 0, -1, 0, 0, 0, 0)
shape = SubResource("CapsuleShape3D_e5scu")

[node name="Physical Bone Thumb0_R" type="PhysicalBone3D" parent="CharacterBody/CollisionShape3D/SherryGodotModel/Ragdoll/Armature/Skeleton3D" parent_id_path=PackedInt32Array(987254810, 512609460) index="26" unique_id=639942352]
transform = Transform3D(0.88094026, 0.47314888, -0.0086307665, -0.46296057, 0.8579058, -0.22285701, -0.09804016, 0.20031942, 0.974813, 0.6167947, 1.3381779, -0.011529028)
joint_type = 1
joint_offset = Transform3D(1, 0, 0, 0, 1, 0, 0, 0, 1, -1.2012829e-07, 2.3280162e-08, 0.020556772)
body_offset = Transform3D(0.9999998, 6.61239e-07, 4.4703484e-08, 1.4901161e-07, -1.013279e-06, -1.0000002, -1.1622906e-06, 1.0000002, -1.1324883e-06, 1.1920929e-07, 0.020556778, 0)
bone_name = "Thumb0_R"
joint_constraints/bias = 0.3
joint_constraints/damping = 1.0
joint_constraints/impulse_clamp = 0.0

[node name="CollisionShape3D" type="CollisionShape3D" parent="CharacterBody/CollisionShape3D/SherryGodotModel/Ragdoll/Armature/Skeleton3D/Physical Bone Thumb0_R" unique_id=1483454527]
transform = Transform3D(1, 0, 0, 0, 0, 1, 0, -1, 0, 0, 0, 0)
shape = SubResource("CapsuleShape3D_ns2a3")

[node name="Physical Bone Thumb1_R" type="PhysicalBone3D" parent="CharacterBody/CollisionShape3D/SherryGodotModel/Ragdoll/Armature/Skeleton3D" parent_id_path=PackedInt32Array(987254810, 512609460) index="27" unique_id=76548404]
transform = Transform3D(0.94653904, 0.32255158, -0.0049339915, -0.3225881, 0.9464668, -0.0117277615, 0.0008870513, 0.012692431, 0.99991906, 0.6170398, 1.3429203, -0.045303762)
joint_type = 1
joint_offset = Transform3D(1, 0, 0, 0, 1, 0, 0, 0, 1, 1.4230914e-08, -1.2550196e-08, 0.013736671)
body_offset = Transform3D(0.99999976, -3.4747245e-07, -1.03598e-06, -9.05653e-07, 9.4715506e-07, -1.0000001, -5.6261342e-09, 1.0000002, 9.1362745e-07, 0, 0.013736673, 0)
bone_name = "Thumb1_R"
joint_constraints/bias = 0.3
joint_constraints/damping = 1.0
joint_constraints/impulse_clamp = 0.0

[node name="CollisionShape3D" type="CollisionShape3D" parent="CharacterBody/CollisionShape3D/SherryGodotModel/Ragdoll/Armature/Skeleton3D/Physical Bone Thumb1_R" unique_id=557834402]
transform = Transform3D(1, 0, 0, 0, 0, 1, 0, -1, 0, 0, 0, 0)
shape = SubResource("CapsuleShape3D_rgn0f")

[node name="Physical Bone MiddleFinger1_R" type="PhysicalBone3D" parent="CharacterBody/CollisionShape3D/SherryGodotModel/Ragdoll/Armature/Skeleton3D" parent_id_path=PackedInt32Array(987254810, 512609460) index="28" unique_id=2057197329]
transform = Transform3D(0.00047176742, -0.014817539, -0.99989015, -0.031808734, 0.99938405, -0.014825047, 0.9994939, 0.031812232, 1.4966555e-07, 0.68888897, 1.3361716, 0.02577895)
joint_type = 1
joint_offset = Transform3D(1, 0, 0, 0, 1, 0, 0, 0, 1, -6.032784e-07, -6.338094e-08, 0.026386147)
body_offset = Transform3D(1.0000004, 2.95043e-06, 1.3291337e-07, 3.3605275e-08, 2.4388412e-06, -0.9999998, -3.0249357e-06, 1.0000004, 2.401985e-06, 5.9977174e-07, 0.026386142, 0)
bone_name = "MiddleFinger1_R"
joint_constraints/bias = 0.3
joint_constraints/damping = 1.0
joint_constraints/impulse_clamp = 0.0

[node name="CollisionShape3D" type="CollisionShape3D" parent="CharacterBody/CollisionShape3D/SherryGodotModel/Ragdoll/Armature/Skeleton3D/Physical Bone MiddleFinger1_R" unique_id=750503189]
transform = Transform3D(1, 0, 0, 0, 0, 1, 0, -1, 0, 0, 0, 0)
shape = SubResource("CapsuleShape3D_oa5a3")

[node name="Physical Bone MiddleFinger2_R" type="PhysicalBone3D" parent="CharacterBody/CollisionShape3D/SherryGodotModel/Ragdoll/Armature/Skeleton3D" parent_id_path=PackedInt32Array(987254810, 512609460) index="29" unique_id=649084691]
